5000
267942953
3194
2206966
267932007
9227470
1346270
12586297682
57
20632925370
4807573344
6799
318044
1159060987
701412914
77609
318421
514231
196421
6765
2496120
2253334
12591971912
433512148
1836311911
267921061
5702890
22
3531343
3524578
317819
10967
40434438
701408733
122380
64079
39602398
623
1836318668
4807528573
2178309
39603
31241
1135220981
39163194
5703497
832042
18454930
12586297682
6768
39284587
139104
2585
321992
1363980
2971217657
439197324
75402
1631
12586269402
14422580928
103680424
3842389
433569462
102334210
5899305
46457
1134903225
4236
39602398
434326477
196421
2971215128
1600
165580518
7778770706
1836311958
2971290098
233
102334189
631
702755002
520994
11035
267989321
4
346468
434008666
167761
21
707111620
2971215306
46376
165580144
701408736
514839
12586269028
1134903259
4106118243
9227486
3535524
165580196
701455101
54018521
87403803
268232107
832048
1134903547
832043
63
102334244
307002465
7793672401
317814
24
701408746
433495047
4909861131
11323
1836311906
46512
1836508321
21892
15005377
1836508321
63247583
9741694
1346502
6799
434840706
2971336466
75402
12586279971
78176338
1838490212
63245991
23
24164582
843
102409180
17714
56
1149833522
9230049
126491972
4807602001
53133
6820
72473451
398
121401
2374727
433505383
102334163
12586269030
196439
14932936
832042
7375
28678
15
701412914
1851242255
2971729302
20404099243
4816754441
24157830
433569462
21066419807
319408
196418
1000
4807527120
1938646058
2496120
433494440
12586273206
14976720
433494526
26336126
318188
24157818
165608798
1837658172
2971215128
1364
196431
12586269402
1392637
4807844787
39089156
15248163
17719
2496120
2971221838
46745
1021
9227478
12586269080
3645971
7778742057
234
102334158
7778742426
4807526976
433498618
1836311903
2971216060
63247583
102334388
9227486
1134903183
39090753
121393
20367189383
318044
35422
4
197405
42612747
2496120
75258
1600
4807844787
378
15005377
12589793603
121482
12586269025
165580142
7752
1836358271
267989321
433690855
514263
4807527031
6768
4846615145
9545276
701408734
267916880
20368535652
4215
165580146
39088171
1363980
273617183
4822457328
102455548
516813
2971215081
701726544
5703874
267915283
39088258
2971290098
122003
24158804
20365039731
196419
24157872
9348858
63250167
102334160
3034461059
4807527010
2207
834624
5508935709
63367379
1134903314
1875400072
1364
254
4807537922
1836312513
4813229863
46978
39134537
1875400072
317819
701411317
48952
102334189
7778863442
39088546
5703874
20365011218
14930360
46371
2971336466
833027
267916880
466
514284
2673
20367189383
7780088318
2971216670
2971215081
102848384
103682
11179
24158427
20365011218
24157906
6773
165591087
20365012061
14934533
1347866
165580154
63250167
3524578
39088258
122990
165580141
267915283
1135735210
12586269059
1836311937
7782266627
3645971
7817830218
433494439
6020698
102651966
433494526
379
1836313500
20365843114
46457
4807527353
1159060987
411
2971215076
1347866
10959
165580374
842986
5508935709
63292354
472582606
1836311992
200599
7778742049
12586269025
2971215217
4807527353
4270
31241
63246020
174807606
288
518410
34
288
39088177
271438874
24157851
104512464
9227499
63245999
1837143943
317812
1346646
8480150782
4816754441
5703264
1135024563
15762392
433615830
535828592
2178542
9227520
4807526976
4182
1144130635
17108661
144
4186
24279210
20632925370
9238411
123977
5707068
5703497
102334156
3010349
39284587
147
1220
7
1140606057
11405774
121537
1836312136
4909861131
4558
1346277
267914351
4973107117
6786
20530591215
1851242255
165
5241021413
2224677
17713
2618
433498618
64592255
8913645219
24168763
5705471
15762392
14930354
623
75030
34
3524599
165580230
13019763462
10573734
15444581
20365011095
1568397607
46457
1836311992
701410330
631
2639
20365011451
132339
9227520
9227473
64592255
1836386928
5899305
24158804
7784444936
8046656345
267942953
466
1134904157
150050
200599
57
23
1836311958
268428525
267914317
125574
63
117264507
54018521
267915283
271443
270092605
267914440
1974
2971215094
2597
165580144
9228452
5707068
165582725
1836312047
382
20365013658
4811051554
907065
2178309
10967
54018521
1353034
34
12586286736
28746
10948
1836318668
267914529
196507
1346413
9615053952
7779256278
39088174
28691
79206
1598
9349
145
15557484098
2374727
12610426842
433494445
165580144
623
1134949538
833027
196452
39284587
2971216670
1136249439
4791
97
17719
1134903183
20370713961
1076
2182490
63245989
271438874
12588447334
11323
63442404
1836311904
2585
236
836221
102334189
317811
2605
121406
3136795214
1348853
3194
267914298
987
1836312890
1149833522
4106118243
4184
12586783254
11405774
9349
7779059860
17716
707111620
7778742282
1875400072
2986145425
515216
13287677758
39088224
39088177
701408738
7778744633
165580149
63248570
14937117
9423883
30254
20633239
1346269
2971215078
267932007
382
1134903314
4807529560
9
318421
20389168891
17711
20365086099
832045
317900
12586269046
1836312280
317812
12586315393
11405774
2971215683
5702976
39094934
29860704
631
14930360
716339085
63245987
196562
14422580928
197405
64592255
1076
102362812
17712
196419
4356618
2178312
7778742050
9229062
76622
701605151
28712
434840706
91
267914440
63250167
9227470
15005377
54018521
3239129369
121770
7778742104
7778743646
121396
5713833
9741694
165897952
267914906
701437390
317824
12752043
39088174
3525188
10059505
14930386
68948873
1830
20365011075
433494437
9227609
514263
25504086
701411317
2971219254
907065
866988874
5942430146
12586269059
39088177
165581738
2971215450
644
3524599
225075
866988874
4807527586
3034461059
39
4808873245
196418
1851242255
14930962
2496120
2971226019
47965
318798
165608798
102335142
56
1364
24161998
2179906
39090753
178
46376
7778742052
24476
5702890
317819
2179906
9227465
435672746
701408767
1134903547
618
832184
7778748814
17745
3136795214
3524578
514231
34
75026
165581738
165608798
50549
5709652
13287677758
20366357343
28678
78176338
165580144
4
63246363
63246596
514839
21892
14930365
433494670
24158050
68
317814
121537
14930962
102334299
5731544
14931339
46601
5713833
15005377
3524722
39284587
24186474
377
12586586836
7841988035
1134903780
81790
75046
11323
7778742049
9349
25504086
7881196
5
1836826132
203183
1131
6773
165580196
4807527353
514462
1836358271
108037042
63246007
2189255
63563797
16276621
4807527209
268110714
63245991
2728
121770
12751849166
433569462
1346270
267916880
4807526984
10059505
9273833
1357215
4270
21892
14931339
24672046
103680424
79206
11
39088203
3524667
28143753123
1346413
37
1836508321
704933311
364179
9256122
55
701726544
12586269027
433494458
7782266627
267914296
1618
1134903259
20366357343
196418
268428525
39209562
39092350
267989321
4808873245
63245988
75026
63246020
2178686
25504086
317900
196423
75059
9227478
5703031
379
2001892044
832043
12589793603
7841988035
196418
1028458
702240773
267914906
3524578
75059
24175528
9348858
9234230
39088190
433495424
165580285
377
2178312
2971232784
701409343
764654719
171283028
589254
457652254
165580149
39088258
10959
63246020
46601
4807526997
433495424
1348853
267925242
1346272
12649515011
1346646
434326477
3524722
1836433296
4414
5702921
613
199002
3570946
317866
10967
1149833522
1134904157
514839
832040
20365012671
68
46512
63245987
20428257060
165580230
1836314487
317824
7778742062
1134904767
75635
271443
64079
1836311908
12586270622
267914330
75038
64079
241
25172538050
1374926
5703120
2971215086
8362
89
832045
317900
457652254
268428525
20365011684
20632925370
3525565
6768
836221
2585
35
2618
1392637
24157825
28658
9256122
17719
433812248
47
3525188
165701534
63245989
317845
7841988035
12543
31241
836221
63245989
22201322977
14941298
1402817466
46457
39088177
63263697
514263
18088
2972047113
12601199377
317824
46745
102362812
167761
14
3524586
103680424
267914351
196423
165580143
1618
7778752995
46423
328757
5703264
46512
3535524
17855
1134903175
2178317
6854
12586270622
24157819
12854183321
11556
267921061
7778742659
1836313500
12601199377
2182490
77609
1467662
171283028
2971215683
5702892
4807527586
2178343
14930365
860697
63245989
9227842
701437390
317955
4807555633
2178330
102334765
17732
165776559
317813
121401
20365011095
39602398
7778742659
317816
701409110
4807526977
317955
4846615145
514263
14930496
6
267914906
2971216060
24476
196452
122003
435672746
514606
28691
196473
1602
1134920881
39088313
988
1000
20365012671
9256122
9227478
267914304
58
1837658172
434326477
169104719
531940
433497021
832053
1542687
12586269026
836221
200599
7881076204
165897952
5241021413
2592
4807527010
1140606057
5703497
433495047
9227698
457652254
28801
2971215162
2178317
5075441272
5703031
24157822
4558
7802899866
832129
267914529
320395
2178398
14930496
615
122990
267914673
165580146
1134903403
703587042
834624
1364
28746
9349
1137081479
139104
12586344050
2673
9227520
433512148
233
39088170
832129
165580751
7778742070
317900
24157838
317814
28665
10954
14930352
317819
4807573344
1135735210
4808359016
3842389
10980
5702888
63367379
4807526979
196421
79206
317866
102334765
1134903173
24175528
4181
516813
10946
1652
1135099588
238
7802899866
2206966
165580751
2971215073
20365012061
267932007
701408735
20370713961
4822457328
2971221838
267915283
23336226147
9227467
238
3
122003
1131
7778742049
1346269
268110714
832061
21892
63
701922962
41266478
39920209
433494442
843
318421
703587042
2971261441
7375
1137081479
20365011082
1860498
234
9227470
24157830
1836312136
20365011307
292072113
165580142
4909861131
7778742049
7787969514
39088169
18321
9227520
4807527209
5702921
122380
2971215075
6768
3524811
317816
15248163
28662
2971215074
2179296
439197324
2592
144
11933
14930496
448424789
63442404
267914529
2971215078
370248451
267914673
267914385
437019015
434840706
13530
1631
433523094
31241
40434438
267914297
14930441
3528759
2971215306
4236
5702908
14930354
12586269402
7778752995
2971215094
4807527586
1837658172
3404709510
5709652
992
9227465
4808359016
2605
9348858
4807528573
12587615294
20367189383
9741694
2971221838
2178453
50549
9231646
24354235
433494450
878408
516813
20365328885
165701534
122003
268428525
39088172
47355
23336226147
9234230
12586465443
123
2673
521
12586586836
28670
317819
39088170
39284587
832074
7778742659
1830
196420
1837143943
75028
29
39090753
23
8480150782
10573734
39116826
7778742138
3525188
9227478
12586270622
2179906
2178322
7787969514
12586270622
7778742659
12586269169
437019015
97
20365015255
57314
102334157
14931949
701605151
382
242786
20365011684
4909861131
1159060987
24168763
2269806340
1610
1836311992
12586271609
167758450
4189
165776559
832273
18
3524612
7778743646
364179
7778742193
1836311904
7375
24476
610
102455548
3524612
3524955
6
7375
102362812
5703031
2587
3524579
2972047113
3720996
12586269030
3542289
14959009
165580230
525175
516813
14937117
9228075
54018521
79206
7817830218
1144130635
4189
1836826132
41266478
4813229863
3535524
3524581
14930496
17766
7778742138
5778
31241
75258
6909
7049156
10954
203183
20367189383
12588447334
121448
64592255
834624
1836311924
433512148
7778743036
15051745
10954
39602398
111561620
318188
9227465
2971215094
196419
5713833
11933
1836312280
12854183321
317866
46371
17719
320395
39405980
1346282
20365011684
199002
132339
4106118243
1836311916
5705471
3
102334176
7778759760
832184
46745
1346274
3720996
3073549228
618
2179296
433615830
15557484098
514284
832043
2592
1836318668
20365525303
433494581
270092605
992
439204
24354235
165580196
1134909935
102651966
1346290
267914529
1134903171
39088190
4807526979
4791
63256932
514234
710636198
14941298
63245994
24157825
3524633
165
87403803
307002465
9227468
9423883
20365022020
2986145425
318188
2971215074
199
3542289
12625357194
317814
3720996
1346270
31241
24160401
75025
17745
7778742070
144
4184
1346324
3524583
24476
111561620
238
123
9227467
66770564
7881076204
701411317
665
838805
63245999
2207
267914317
3239129369
2537720636
75114
3525188
20428257060
14930386
317900
9227499
1836322849
3524633
701408733
20365011075
11405774
860697
19308
4325
5703031
267932007
707111620
92
701408966
6770
10947
3525188
525175
701530126
701426444
14930355
1364
832650
63321011
2971216670
1134949538
4807555633
149
14931339
20365011129
12586269038
12586269635
2673
63246007
63442404
1134903178
324576
39088224
1836629714
433501202
267914317
121396
701409110
433494471
20365022020
165580196
12586269027
196507
9256122
102334156
18454930
4808873245
12589793603
610
63292354
7778863442
123
12588447334
1220
599074578
165580144
63250167
2971215081
1597
1836311924
6766
14941298
5720598
14934533
29
152
32838
14930353
7778863442
1836312513
6534927
701412914
1346270
7817830218
12586783254
6799
7778742104
267942953
47965
1159060987
4807528573
5702892
63442404
6799
12586286736
7881076204
165586906
42
703587042
318044
14930441
434008666
46512
29034
12752043
4807844787
102651966
11179
514232
514606
432
2971215081
79206
1347256
12586269026
615
75038
197405
39089766
514230
3524955
22
1134903191
18088
3527162
1599
5707068
246
165626509
2976917960
39920209
2728
317832
1346274
1220
7841988035
3524580
20365011075
20365328885
12688603180
5778
5702908
9228452
1836311916
525175
46368
1875400072
28746
19308
39920209
267914298
1836311924
102334155
5702900
21
42
20365011082
9741694
165580154
5075441272
1600
1136249439
12595496490
39088169
1350450
1008
42
3524955
2178312
267914330
28801
20365328885
318421
1346358
12595496490
24157838
12688603180
433494438
514606
990
20530591215
63246007
145
39088402
77609
199
20365011079
165701534
319408
4807526981
22201322977
317845
15127
102334765
317812
75030
2971215073
102455548
3194
24476
20365022020
335522
560597
7778746230
318798
4846615145
121448
838805
20365132467
2269806340
4807531157
390
618
6643838879
102334532
20467345229
364179
141422324
2269806340
1346290
3010303242
1568397607
12586586836
1347866
17714
169104719
75026
165580162
102334244
63246020
860697
121401
29644
20374238539
24160401
102334158
5702892
196562
319408
433494445
1346358
2971221838
31241
39089156
5508935709
132339
63563797
9227554
433690855
75059
66770564
3542289
1836311911
703587042
2178317
2589
40434438
433523094
7778746230
701408877
4870847
267914440
1402817466
39105880
3
1134903225
17732
47965
196419
9545276
65424295
267914298
4807537922
196420
75025
411
102334168
10951
20365013658
701408741
20404099243
267989321
514232
392836
144
1137081479
8913645219
514250
560597
1600
1134914116
102651966
380
63246020
2673
2971226019
12586390418
2971215217
834624
2584
63246973
832095
701426444
20530591215
702755002
442721902
167761
1631
701408734
63563797
104512464
12586465443
12586269026
1008
63367379
1899557889
39089156
169104719
1135220981
20365015255
14948063
7
17855
2253334
18321
121396
39088171
5777912
378
701415498
322
267914529
14931949
7841988035
1135417399
1134903204
12586269030
9228452
7793672401
7784444936
28660
75025
14932936
4870847
317811
4909861131
1134904767
1134904767
7778743646
3524586
701605151
20366357343
803742888
7778742052
4
271443
611
246
267914297
2178317
79206
13019763462
39092350
14930441
9545276
433512148
165581128
2972047113
4807526997
832650
20365011077
3524811
20404099243
2817
716339085
9228075
200599
24157872
6820
324576
1131
128158
843
24164582
1836340560
1000
20366357343
1842014790
518410
165580518
30254
4807527031
322
515826
39405980
122003
866988874
50549
18454930
196421
849751
39116826
1392637
13019763462
701605151
5702895
433494450
12586269033
3524578
433494492
47
4808041205
102334160
17716
12586269635
46402
18454930
1851242255
1363980
24157818
1938646058
102335142
1134904157
267914304
7778742062
439204
2178686
457652254
20367189383
1836312047
63247583
271438874
1076
39105880
267914296
514263
7778938467
514462
2178542
433494581
1836311911
4202
24204185
39088224
3645971
4558
5702921
514839
318421
703587042
1134909935
1134931827
589254
5508935709
13721172195
15005377
514284
196452
2971215078
1134907351
7778742282
1134903183
9227486
2972561342
7375
1346272
24175528
165580196
1000
165580141
46371
132339
15127
5075441272
75635
535828592
842986
3524633
385
7778759760
10954
39090753
3136795214
267921061
20295
7802899866
317824
433690855
35
39089766
1134903175
1134903178
7778742426
1664080
701408822
37
1346303
42
969323029
20365013658
1135735210
3570946
1134914116
433494581
63274643
3194
14931949
25172538050
6786
20365207492
6909
6778
612
76
267914317
46368
6820
5731544
5720598
267914351
9227554
5824280
121396
196562
267914440
39089156
1346502
11035
2971215162
514234
531940
152
75030
701409110
9231646
46376
7778742659
9227499
7778742104
1346646
4182
102334244
12586269028
196431
4356618
14931949
28659
1357215
24160401
4807527209
102334168
267960664
24157817
1875400072
14941298
268110714
4846615145
273617183
14932936
76
14930585
196439
166094370
11179
22
141422324
121537
63245987
2971261441
953433
165580175
321992
20365011218
17800
25172538050
12625357194
3034461059
5702908
165580751
1860469720
317900
10749957122
3010349
7778748814
20365011077
2673
2587
10948
377
2586
63246130
228826127
307002465
317900
270092605
5702921
28143753123
1348853
1134903204
2178310
9227473
3525565
1220
4807526981
385
1346272
433494581
1134903780
9227473
1134903547
46457
1631
12587615294
7881196
6
15051745
37
472582606
17800
701419679
433498618
20374238539
7778742104
411
267914297
24157872
12586269258
122990
833027
12586269635
14930962
515216
20365011079
2178343
1836312890
46370
9423883
63367379
174807606
3599603
102351866
7778938467
39209562
560597
165597852
1836312513
200599
76
35422
12586390418
514263
4846615145
9227473
2496120
803742888
15051745
701408746
7841988035
7778742083
4808873245
165580142
63252751
2178330
14930354
28658
4807537922
75027
46371
20365013658
121393
20366357343
24159414
12589793603
740496902
317955
14930355
9423883
832129
29034
15126770
48315634
39094934
318044
12586269025
9227478
2971336466
171283028
2971215162
3599603
12586783254
1830
267914298
2692538
701408877
4807526981
4807555633
1135099588
4202
17716
267916880
75030
196507
24475628
10947
2971261441
4106118243
20365017839
11556
9615053952
849751
4811051554
28678
54018521
4808041205
5241021413
12586315393
72473451
8480150782
199002
703587042
267914673
196423
24204185
4106118243
1836311916
24157851
12587615294
701408754
288
1836311958
94
439204
19308
433494442
7778742193
20365011108
165897952
9228452
433494437
17855
4807526977
196651
1838490212
39088402
13
111561620
12586269080
3535524
39088177
121393
14930354
433494439
39284587
6
14422580928
267914297
6768
1021
1836311924
1568397607
15
1467662
1137081479
4189
13019763462
165580374
4807527065
20295
76
1597
10
66770564
7779059860
1347866
5703874
271438874
2971411491
2971216670
4807526981
318798
9245176
11179
703587042
4909861131
518410
22201322977
28143753123
318798
10959
4807844787
7944322190
838805
433494492
990
4807531157
102345101
39092350
121414
92
196426
20365843114
2178317
39088224
214129
1605
390
102334765
24158427
433495424
710647
121394
267915893
17714
196418
317832
2817
24672046
3524633
24354235
433498618
9256122
17800
267914330
7752
987
268746336
9273833
196651
165582725
5
63245988
165
6767
75402
1000
2178542
14930585
2971215306
46371
433505383
2971261441
12586279971
1845539368
165580196
81790
9238411
1836311905
832074
7881196
1042
75169
165586906
39089766
8480150782
382
20530591215
12610426842
102340920
4807555633
1836386928
7375
1149833522
516813
39090753
94
9228075
849751
707111620
2639
2618
24157825
1842014790
102848384
5702892
1598
2180893
5702942
317816
6766
12586270622
267915893
20365011077
3034461059
104512464
4809705285
54018521
7778742659
4189
331160282
271443
7778742050
12586269027
1159060987
17724
1347256
165580230
7
42
701530126
10951
165580374
3570946
953433
4791
121395
269260565
20365011307
2971532884
1134905754
39088172
710636198
9227520
21066419807
111561620
3527162
7778742138
7944322190
1836826132
14930729
75059
20365011079
39405980
3
7778742193
377
20366357343
241
20798505511
24157820
10954
3010349
1134914116
1149833522
24157825
102334244
701455101
832061
12586273206
165580142
165580141
4182
267989321
1134904767
1346290
14930354
63256932
3524583
5713833
4183
167758450
75025
843
14930585
4807573344
2592
79206
9227842
2178919
5731544
63321011
196421
12586273206
13287677758
17855
9227473
39602398
166926410
20379941426
2971217657
4202
2180893
111561620
24475628
514318
102
54018521
317811
270092605
24989857
5720598
14930355
1421294
165
615
3599603
6
1347866
2178542
8362
434008666
398
9273833
39094934
267914301
24475628
199002
448424789
46369
1836311924
24164582
63274643
267914385
838805
12586315393
701408754
2728
12586271609
9227478
2976917960
1741
41266478
1136249439
7778788417
3524579
9348858
2971219254
18454930
7778742659
12586269635
1363980
514263
139104
320395
268232107
439197324
11556
4807527031
11001
12586270012
2971215073
19308
317812
2976917960
28746
9227698
28801
644
199002
2972561342
9238411
1836312513
9228452
3
433495424
20365015255
165582725
432
3542289
36
102334299
267989321
24157817
2196020
12601199377
995
2178314
268035689
1131
4807844787
2971215217
20365011108
12586390418
7784444936
20365057442
7778742104
3526175
46371
24157851
4846615145
317812
12586783254
832042
701408822
3535524
12586275790
267914351
433569462
18454930
7778746230
1851242255
701409110
4807602001
1837658172
13287677758
196507
189737958
17800
28670
24158804
1134907351
282844648
514232
102
1346646
3535524
1134903178
196419
7778742138
121394
14930962
165580144
12586344050
39163194
39
24157830
24204185
225075
233
995
20365011163
68948873
270092605
833637
2178919
589254
457652254
701410330
1134903171
228826127
75635
14930386
1836311904
126491972
9227478
317900
7
121401
20798505511
3524955
12586315393
267942953
3526175
346468
20365011077
20632925370
267914906
610
102334160
7784444936
842986
2971729302
20367189383
4846615145
20365843114
4807527963
63247583
196431
9615053952
6020698
1134903780
1134903780
24279210
2971219254
3526175
20365015255
121401
1836629714
2971215450
63263697
10967
1836508321
165580518
433494581
121427
54018521
701408966
1237237325
4807573344
102336739
437019015
28670
24158194
2971232784
14930496
1836329614
4270
46370
2971215094
36
196651
382
63248570
4807537922
267942953
7778742050
267914330
1605
267914529
46423
36
196473
267914309
754
24157817
1008
4
866988874
514839
2971215078
13530
1350450
3524667
4202
53133
60
17944
1836311958
4807723394
8480150782
14930585
39405980
139104
2374727
121427
54018521
2971215086
165580141
1134903259
2178398
64592255
50549
63246130
5702889
39163194
14930496
20370713961
2618
1134914116
2196020
39088779
701726544
108037042
39094934
317813
2178310
12586269258
126491972
4831684793
1159060987
47965
5731544
63246007
433512148
9227842
9227465
535828592
4189
282844648
612
5702921
7778742659
267921061
335522
10059505
7802899866
3535524
12589793603
701455101
20365207492
54018521
63246973
1042
145
20365011082
20365011163
102336739
7778742057
5703031
14941298
111561620
102338336
13019763462
292072113
11556
123977
46978
7778817074
28658
1837658172
701408734
433494445
433494445
2178310
1347866
267915893
7778744633
10959
268035689
5702892
12586270012
701922962
14930962
1599
20365028785
1836311908
5702892
24157820
1347256
75059
1836312890
318044
4807528573
1134903191
2178330
203183
102334158
2185074
2972047113
2971215086
102455548
1137081479
12586269027
64078026
11001
18454930
102334163
42
102334189
1836386928
63246007
6020698
1134903171
1836311904
701922962
14
1836312890
165701534
457652254
12586465443
14931339
2973393382
4791
207364
196439
24159414
433494439
196439
2995372890
5702942
17711
5720598
9302490
317900
10946
39089156
14930496
102334160
270092605
7778743036
969323029
764654719
1198149156
2179296
3720996
5702921
1134978195
1830
3524583
24157851
267914299
25504086
11001
843
7778742057
701605151
433494442
29860704
989
111561620
1134949538
4106118243
4807529560
560597
20365011451
63246007
12586465443
196426
24164582
63246596
2592
35422
4973107117
612
10573734
7778742070
24164582
17800
1836629714
317814
6778
20428257060
15762392
2586
17711
803742888
2986145425
12688603180
267921061
63263697
29034
433494439
701455101
14937117
14937117
14930355
317955
12586269033
12586465443
10948
7780088318
2269806340
228826127
2971532884
324576
4325
63245986
2974739651
63321011
1134903780
267914440
5704484
12586270012
953433
72473451
267914673
520994
832184
15051745
12610426842
102455548
1357215
1134978195
14930353
225075
32838
20367189383
29267
7881076204
318044
5749255
288
10749957122
165701534
2374727
165597852
4807533741
701922962
102336739
433523094
3535524
9349
1300483311
12587101065
439197324
39920209
514373
17712
18
7
12586270012
379
46389
20365039731
24354235
267914529
33385282
102334244
121770
24161998
4414
2253334
165591087
433494450
48952
180510493
701483758
233
12625357194
152
9227466
117264507
24475628
1131
3528759
12586286736
3528759
167758450
28691
4831684793
390
4807526997
152
2972047113
24157838
29034
832042
12586269025
24476
1830
165591087
1467662
12586269402
196421
165701534
514231
267914529
599074578
434008666
4846615145
63563797
11323
3194
24
196795
433495047
9230049
102334244
1686
10959
102351866
3599603
1631
63247583
516813
63247583
196431
28662
1348853
4808873245
4791
125574
702240773
1346413
20368535652
24158050
5713833
2589
3571
472582606
17724
704933311
836221
9615053952
20365022020
79206
50549
5703120
8362
2585
17724
9227468
2496120
13721172195
3524633
4807533741
63246041
39088177
518410
63246973
39088172
514318
4807526989
196426
14930407
171283028
3527162
4807537922
390
4807527209
50549
433494437
165580751
57314
12586269038
20365011087
7784444936
63246041
14930355
39088174
14930355
121537
3535524
754
102345101
4807526979
5075441272
10749957122
1346646
1134903204
11001
121427
47
7787969514
24204185
28712
63246973
7778742426
75258
64078026
268746336
21892
4809705285
85971
47
439204
207364
9227698
30254
39088169
5703031
17732
48315634
7778817074
6768
7778788417
990
39088170
1836311924
20365328885
9227468
10749957122
146
832074
17712
9228075
196452
16
7778748814
1599
322
701455101
17108661
4807723394
834624
14930352
2178309
4813229863
103682
1836311903
1137081479
12601199377
2971215306
4807526989
37
433523094
24232842
1144130635
2180893
12586279971
1836316084
24158804
12854183321
701409720
233
3239129369
4791
267914385
39209562
5709652
267914297
20365011108
12625357194
4807526977
77609
3842389
9227499
3526175
203183
3570946
165582725
174807606
28801
2971215683
121626
46376
24157851
12589793603
102334765
6768
2980442538
17855
198015
434008666
515826
4822457328
18088
803742888
9238411
644
2587
701483758
37
56
24157820
5702889
10967
514318
12586269025
1076
24157838
20467345229
75080
63256932
39088190
20365013658
2586
14930585
1076
2971215081
5749255
433501202
63246007
318044
20365011076
433496034
2178542
5899305
535828592
44791056
169104719
165701534
1350450
6799
740496902
701726544
8212236486
599074578
317819
180510493
9227478
178
3524955
196562
238
7778746230
75402
12610426842
102334299
12586270012
433494492
39088169
989
6534927
288
515826
24157825
6767
267915893
1836312136
46368
20367189383
1134903170
12586269059
433497021
514242
268746336
3524633
1836629714
832417
14931339
28670
65424295
7802899866
196418
1134904767
803742888
145
2971243730
4811051554
20467345229
14959009
514284
701408788
128158
121406
1198149156
12586273206
4807573344
63247583
46371
3599603
1836312890
75025
20365015255
1350450
832040
267914317
122990
267914317
103166195
1836311908
39088172
121393
12586783254
39088172
23
110
5702888
2986145425
832650
5777912
3034461059
2592
319408
2178312
15248163
64078026
20370713961
635622
17724
472582606
2618
4807526979
14930360
2299702
39088172
560597
122990
3525565
39088203
3194
9231646
121537
10573734
2971216060
20389168891
1374926
39088172
1364
2592
2971215450
21892
514606
24157819
3524667
12595496490
20389168891
707111620
20365057442
122990
10946
46601
267942953
20366357343
11
79206
2178919
390
5778
24232842
64079
2178919
5702895
89
57
2178919
63246041
20365011307
560597
20530591215
392836
2673
20365017839
24476
833637
267914301
3570946
90
24168763
411
24
20365011129
12586270622
4807526997
3524581
12586270012
288
7778759760
1134903191
2971226019
1135417399
317814
2178343
14976720
39088190
4808041205
9256122
433690855
39088170
2178317
433494814
267932007
1467662
699
2974739651
11556
20368535652
1220
4807527065
102334158
1134949538
28691
20365013658
2178310
318798
14976720
9
1134949538
701410330
1135417399
3527162
268035689
196452
318188
1837143943
3720996
9238411
15126770
75025
1839836481
5702900
1076
10
1135024563
7778742070
63246041
433523094
15762392
370248451
514318
5899305
196452
6770
1838490212
433496034
1346502
15557484098
14930357
433496034
2971215075
5720598
20365328885
102335142
1875400072
12586269169
2971221838
433494450
496740423
2178322
3599603
196431
6820
433812248
12649515011
5508935709
46381
9273833
89
7779059860
24989857
433512148
7778863442
20530591215
165626509
1602
121396
1836311908
1836629714
46371
13287677758
13721172195
7944322190
28662
2207
1357215
24204185
165581738
75026
14948063
1836312136
24354235
270092605
2995372890
5778
10959
5942430146
392836
15
2971215107
166094370
268428525
5713833
165
102334299
4822457328
3524583
165655166
267914309
63248570
9302490
3571
39088170
969323029
433494670
33385282
10947
833027
63245991
433497021
1346413
28143753123
20295
75028
102335752
63246130
1134905754
68948873
87403803
1542687
6770
121427
24157825
4215
2207
17108661
21
3524955
20365328885
2971336466
39134537
1134931827
18454930
20365011074
147
7778817074
4356618
4807527031
2178314
14959009
24175528
24476
317819
20798505511
110
321992
1346358
55
103166195
433494814
4870847
178
165581738
832042
5702921
4807844787
7752
2189255
12586270622
4181
268035689
121401
102
14932936
4807648369
75059
270092605
516813
701415498
20365086099
1134949538
2971216060
2971532884
20368535652
44791056
12610426842
317811
75258
165580518
267925242
12586269025
24157961
1392637
102334155
94
521
9227842
5702921
22201322977
7779256278
7782266627
39088171
46601
701408733
1346272
20365011307
102334156
1836311992
63321011
5241021413
7779256278
47355
267932007
14930355
147
832095
39088182
24476
2206966
108037042
320395
75402
25172538050
1134903183
20365028785
57
2178312
2971215217
2178364
9227466
29
29
7778817074
442721902
8362
1597
2537720636
6643838879
102334157
20530591215
24158427
167761
1610
2971215086
9545276
2253334
2961
1374926
3524612
165701534
1686
701408734
12586269030
196418
8212236486
102455548
3239129369
55
2179906
7778742070
102651966
9227467
514839
2971215073
24204185
542886
28665
24279210
5713833
267915283
317819
2182490
3645971
1134909935
701455101
17855
63246973
322
39116826
4807527963
1134905754
9238411
102455548
701408788
14930354
165580196
2178453
1837658172
1159060987
842986
4808873245
317900
703587042
1836312047
102334176
5778
13
3524583
1836318668
2189255
9615053952
2971215094
14959009
2971215078
1836311916
14930407
2971215128
20798505511
9238411
9615053952
4808873245
1851242255
12586297682
7778759760
1346269
15126770
701922962
707111620
40434438
24158804
204668310
12587101065
5778
5702888
2971261441
17855
14930496
1076
20365028785
39088169
102334176
12586586836
46389
1134914116
328757
12586275790
1836433296
196452
4186
28746
165580149
4183
1347866
4236
75402
7375
2971729302
9227468
102334160
433494437
17800
102380523
78176338
46512
6217116
7778817074
14930354
4813229863
12591971912
2971226019
10959
2971215217
307002465
20365843114
267914330
433494450
2178919
3010303242
12586270012
121482
63248570
7375
196431
4215
14930441
832043
14948063
14930441
6909
392836
2971290098
22
833027
104512464
433494471
102334388
701408736
1135024563
197405
392836
39090753
75033
39602398
1836318668
20365011087
832041
754
102338336
317832
39088177
2185074
12586783254
16276621
196426
4807526977
4809705285
5703497
19308
10954
277141761
46745
122003
39134537
1021
20295
1600
2586
89
20365011077
14930373
46369
701415498
39088258
516813
11179
2178330
370248451
1131
225075
267914385
439204
1837143943
8212236486
23
20365843114
1618
63246075
701415498
3194
196431
1198149156
5075441272
434008666
832417
17719
46381
121394
3524586
1134914116
4807537922
102
39088203
233
189737958
2971215217
165581738
121626
9227554
3524579
104512464
514462
24157825
4909861131
7944322190
1974
20365057442
166094370
10059505
1134978195
7784444936
102334244
836221
4808873245
178
24175528
12586269080
335522
635622
542886
12752043
20374238539
268232107
1631
317824
196651
322
9423883
838805
4791
24157817
515216
635622
7778742193
8913645219
990
644
1836311958
24157819
10967
6643838879
41266478
1346502
17108661
165580374
9349
121406
125574
4106118243
121401
5702887
1860469720
16
832650
1134907351
63292354
17855
599074578
63
4807526979
1664080
701419679
610
46512
12586269258
117264507
10947
701408767
268110714
10059505
1134903547
146
10059505
992
644
754
267914298
35
267914351
53133
29267
520994
48952
24158050
12586390418
196473
39209562
8
12587101065
2971243730
7817830218
317824
271438874
701409720
75059
1134904157
39088402
267914351
28659
1346324
1838490212
63250167
836221
121401
44791056
81790
1605
128158
987
12586586836
102334157
39105880
12586269402
46402
7881196
267915283
1836311916
68
385
1421294
317812
78176338
102334388
1363980
165580230
439204
267914351
165580230
9227486
5778
48952
1836312890
24157822
102334156
15
102651966
14930355
832417
20365086099
4414
3524579
12586269046
433494437
4215
246
1363980
102334163
3645971
4189
2587
267914317
3553235
7778742070
268428525
121393
832074
7778752995
12586271609
9302490
24157817
39088170
318421
7779256278
3194
4808359016
4807526989
2585
2971411491
2179906
1346303
39405980
2971216060
75026
514250
75114
701408736
1346282
12586279971
14930441
701408754
53133
64592255
39090753
121414
132339
24158427
7375
710647
1836340560
7
6778
7778742104
317816
321992
19308
3524722
63246020
1353034
707111620
20365011076
121394
5702887
433494450
242786
9273833
725566550
12586344050
102334176
2179296
1134978195
75026
3571
3531343
4194
121393
29034
4807529560
434008666
146
701426444
63
36
1346274
1836312136
20467345229
514230
4202
12586586836
433494492
39088258
63263697
514250
63563797
63250167
20365013658
2971232784
1836316084
268232107
12586270622
39088313
834624
3239129369
121398
12854183321
91
4181
6820
514231
703587042
2971215075
3720996
701605151
701408788
39088190
2971216670
14930360
9302490
125574
1837143943
514242
267921061
24158427
4181
12587615294
1134903173
701530126
1138427748
433494471
46376
9231646
75114
20295
17745
7778742057
24157825
125574
6643838879
1134909935
1938646058
433495047
324576
24157872
9227609
2972561342
75025
78176338
267914440
24160401
12591971912
24186474
433523094
64592255
317819
7778742049
3239129369
277141761
145
18088
267914309
3672623806
2299702
24157830
11933
12588447334
1347866
9227473
75080
9423883
1836329614
2971215073
174807606
2178398
319408
16276621
81790
832273
63246130
4183
2971243730
46601
514231
102334158
7778742104
63245994
1198149156
24279210
104512464
57
2001892044
7778817074
433495424
81790
866988874
710636198
20365328885
102
92
803742888
1830
335522
24158194
7778742138
12586275790
128158
1836311904
7779256278
39284587
2178317
11179
433615830
18698
3524633
267914330
1392637
514234
7778938467
268428525
20365022020
317900
4807527010
12586269025
439197324
102338336
2971215107
2180893
1348853
16
28662
197028
12586344050
849751
5702976
3570946
832184
24157830
149
1140606057
50549
832043
20365207492
150050
1838490212
2974739651
128158
6534927
20365011074
20365028785
6020698
5703031
1134903175
203183
267925242
14931949
3524580
39088174
11556
10967
234
610
317814
6854
4183
271443
63
165580285
102338336
2971215128
321992
46368
102334155
1842014790
2971232784
318044
2178919
1836322849
4
20365011095
7780920358
433494581
9227470
1837658172
1134903178
1374926
4808041205
1134903175
267915283
3525565
1602
3672623806
4870847
1346270
267989321
196431
1599
832095
9227478
14937117
63246041
174807606
1741
2178322
103680424
7778817074
14934533
39088258
14976720
1134903191
3
2179296
20365013658
9227466
174807606
4558
24164582
4808041205
4807527065
1144130635
26
10059505
68948873
7841988035
24476
9229062
2206966
15
3842389
2971215078
7778743646
701409110
1364
14941298
147
2971215073
63246020
4236
24157820
7784444936
63248570
282844648
702240773
324576
46369
29267
398
2178330
111561620
166926410
1134905754
1851242255
701409720
764654719
9229062
2178453
7778770706
2971215306
992
5508935709
4807527065
514229
834624
165580144
2185074
110
24160401
34
2253334
4807844787
3524581
319408
121395
42
121394
12601199377
20365011307
102334158
22201322977
1353034
4807526989
1134903178
1028458
20365011307
102336739
4807526997
24
11323
2206966
6799
7944322190
4186
20365011218
832417
122990
1741
39920209
102334189
20365011074
12586297682
75169
39116826
7787969514
24186474
165
754
701408733
4807526984
12586273206
123977
14948063
2976917960
701408966
20404099243
716339085
189737958
2971215128
77609
37
2961
6998
165581738
740496902
10749957122
105858733
20370713961
4807529560
5168
1347866
613
514242
3194
5703120
102345101
7778743646
15
15005377
1346274
433494471
46745
1597
20365011095
832184
434326477
238
1839836481
15126770
11
9228452
20365011095
2972561342
63247583
1136249439
21892
4807537922
1568397607
165580751
102334244
7778788417
701408738
1346358
7780088318
267914297
11405774
17713
754
75635
24157818
3194
832129
2178312
7778742062
346468
20367189383
28746
4194
1134905754
75169
4870772962
2971411491
14941298
514229
5702921
39088546
2971411491
7778742282
273617183
1851242255
35
7778742052
995
377
701408746
102651966
17766
433494450
102334210
14930352
434840706
63246219
317955
320395
102362812
7817830218
3524591
2971215086
196439
268035689
63274643
6909
13019763462
7802899866
701408966
9
121394
6799
525175
39920209
3525188
12587101065
26
1836826132
16276621
3526175
14937117
1845539368
701408767
1134903172
24158194
832053
2587
14932936
3
514231
1220
122003
832417
12586269635
1136249439
2971215076
12595496490
514250
2972561342
29644
50549
1144130635
833637
20365022020
12587615294
878408
11405774
317845
5702887
496740423
24160401
448424789
4808873245
121414
24160401
11001
196420
4807528573
12586269080
72473451
63247583
1605
6768
14930585
75028
1134978195
20365011218
701415498
12543
269260565
196507
292072113
288
14
702240773
1134903173
20365011076
2224677
7779574089
63246020
2971215076
599074578
102334156
57
6766
860697
1836313500
282844648
14930373
1618
1830
20295
4807602001
2179296
20379941426
75114
433494437
12854183321
4807526984
39090753
48315634
2178398
102334156
11035
102334156
2971215086
1138427748
20365011074
46423
20374238539
24157822
4870772962
1845539368
990
4791
6799
33385282
39105880
701426444
47355
7778742070
46389
525175
5942430146
17944
196562
1135417399
12586586836
9245176
57314
1131
12588447334
12586783254
1134903780
2589
319408
1076
103682
514231
6
72473451
17745
267921061
20389168891
3553235
496740423
12586269046
2178309
4808041205
9256122
196651
24157851
10948
1134903403
1836314487
76012
701411317
75059
1134903780
2972047113
1346290
12586270622
20365011307
36
317813
4
12586269025
63248570
5749255
1836312890
1346413
2178309
4186
4791
1346271
39088172
514242
20365207492
10951
433501202
15762392
4807527963
2971217657
145
14930352
102335142
7778743036
9
12589793603
165580230
267960664
102334158
2971261441
17766
1836311904
515826
14931339
307002465
4807526979
17393796001
102334160
2972561342
10059505
5777912
1135220981
7778788417
2178330
613
4807529560
3720996
6643838879
1042
20365028785
14
433494450
39088171
165580175
165597852
2974739651
1600
4236
165580196
81790
442721902
121398
7778938467
92736
1159060987
4807526977
165580162
1347256
466
1836322849
47355
9
267914299
271438874
1836311924
267914297
1836340560
7778752995
11
1467662
20365039731
39088190
1741
22201322977
196421
14976720
15126770
20367189383
42612747
2179296
725566550
701408736
701408733
12586270012
1599
12586271609
2971232784
20365012671
75402
20365011076
39088402
433569462
12591971912
14930962
2995372890
189737958
165
39284587
7778759760
3531343
14930365
63250167
1347866
1836311924
9256122
165580175
165581738
63367379
3
11405774
20365015255
331160282
9228452
1402817466
1836311908
514318
267914298
102334189
28660
2971226019
515216
165580144
4189
5702942
832048
35
433523094
1346272
7779256278
8913645219
1134931827
20365015255
125574
380
701408788
39099115
9227486
17724
2597
9349
46368
7779574089
9741694
318798
433494450
1364
472582606
7778742062
1938646058
171283028
1028458
39105880
39088313
46389
121427
14930386
267916880
75114
701437390
63250167
7779256278
2587
4807648369
17716
9227465
12586465443
9348858
75046
518410
75046
1899557889
1568397607
2206966
146
12586271609
2971215107
2971215074
317819
63321011
14930441
20365013658
234
4807526981
516813
40434438
382
17745
12586269169
2178453
3542289
7784444936
3524578
3194
14930355
29860704
2971215306
1836316084
496740423
20428257060
4236
102334156
24164582
103682
20365011108
433494437
292072113
514373
24989857
81790
833637
81790
514606
716339085
132339
267914296
5703874
267918477
267932007
14930386
2971336466
12625357194
2971532884
2971216670
515826
4807527065
68948873
39088258
72473451
7787969514
5824280
514284
47
12586315393
14930355
20365011079
46373
4807723394
1008
39088313
165655166
2179296
25504086
145
2589
11933
1346274
63246973
89
20365011082
7817830218
433812248
3404709510
39284587
1374926
16276621
4807602001
4807526981
4807602001
102335752
1028458
20374238539
12586269038
716339085
7778748814
292072113
2971215107
167758450
145
392836
24989857
39094934
39405980
87403803
196439
382
234
236
102334156
4038807
20365525303
6799
166926410
165591087
9227842
6217116
14930386
1836312280
63760215
5777912
3527162
28670
24204185
39088170
3073549228
442721902
267921061
849751
12586269028
16
63292354
39088224
39092350
39088177
860697
1686
2178314
75025
542886
197405
1346272
2189255
12587101065
24159414
3
2178317
4807526981
612
196452
39088172
1135220981
514250
433501202
3010303242
3570946
24475628
4807527586
1568397607
63245999
2253334
434008666
28712
2971261441
4809705285
4183
12586269026
8480150782
1836314487
267915893
75080
121537
1347866
28658
20365011218
2971215683
1134907351
44791056
5704484
39088203
24158427
521
63245988
1134920881
128158
12543
6773
4807527963
701411317
268746336
3527162
439197324
121406
39
189737958
2178310
233
701605151
267914673
12586269258
12586269026
12586269046
701419679
2178364
1845539368
1346358
2178330
2584
149
317824
514839
17714
102362812
1131
24164582
318798
11090
102334156
613
7778742070
268428525
11556
63250167
39209562
14937117
20365013658
3010349
1134903259
1741
515216
5703264
4807527065
6765
1346324
19308
515216
4831684793
435672746
68
17800
1134903173
24475628
20374238539
171283028
2178312
987
2971215075
12586390418
754
197405
20798505511
63245989
46457
1836340560
141422324
117264507
39088169
433505383
20374238539
2178317
39088779
102
3571
2971215306
75025
3524599
1836311905
63256932
331160282
3034461059
319408
2639
5702889
7778742083
39105880
241
126491972
165
10951
3010349
1836311904
328757
4807526984
199002
317955
