5000
4558
4807573344
97
269260565
1845539368
2605
665
17713
610
76622
1836312890
317814
7778742193
2971243730
20365013658
3571
6778
1664080
14930353
48315634
15051745
102335752
273617183
832417
832043
234
433494445
4808359016
15005377
3524591
20798505511
433523094
1134909935
3524578
20365011307
11323
24157820
433494471
165581738
20379941426
2974739651
2178317
12595496490
165580374
1346272
2976917960
3239129369
75114
102530573
1346277
165
24158427
520994
167758450
234
514839
196418
433523094
2673
63367379
12586465443
3010303242
4807531157
4807527963
3542289
1421294
1134905754
9227478
102455548
267932007
317816
20365011095
11933
196562
1600
11035
9227466
267
24186474
102334299
24354235
433523094
433495424
63252751
169104719
1346358
228826127
442721902
39090753
11405774
710647
268232107
9227470
17108661
12586270012
987
29860704
271443
268428525
433495424
1138427748
165580162
20374238539
1899557889
32838
12751849166
635622
370248451
75169
7778742070
2104226199
3524722
6768
20632925370
5241021413
102848384
1392637
318188
1149833522
214129
20428257060
4807527031
63274643
63246130
123
12586269025
1134909935
14422580928
39
1392637
1134903259
102334156
1618
121482
4807537922
102334163
2537720636
439204
9227609
514229
701408738
267914309
4813229863
1860469720
6998
75046
1134920881
20365011082
14930585
1836311937
1836312136
1134903171
46370
4236
41266478
92736
6767
288
4356618
1135417399
5705471
14930729
196562
4182
4807602001
122003
14930355
28143753123
196431
24157830
20467345229
267914351
11090
50549
178
6820
701455101
1220
4181
4831684793
14930365
7778742193
102340920
75114
39088190
1348853
12586269080
267921061
2961
7778742070
701415498
282844648
514230
4808873245
39088182
2639
1597
4807527065
39105880
20367189383
17745
28746
10980
716339085
1600
268110714
11405774
9227554
7778863442
20389168891
2104226199
267915893
4807844787
4807527586
12586269033
7778742193
63246219
5508935709
166412181
4807528573
267932007
246
4807526981
24157820
7780920358
267932007
2178343
76622
9227466
2971232784
328757
521
12601199377
267914906
7375
1135417399
4181
434840706
433812248
165580142
102334156
121770
165580518
102334532
434840706
4808041205
21066419807
24475628
9227468
178
2178919
24157822
22
12586269027
11090
85971
10
12586269030
12587101065
23
433540805
1134903175
18698
542886
20365011307
701408746
28678
1402817466
390
12688603180
2639
3524612
704933311
5702921
75059
75026
5075441272
44791056
50549
14
14976720
78176338
24354235
1346413
317866
180510493
6767
166094370
7778742426
2972561342
4807555633
1134903183
20365132467
39088224
267914301
14930407
90
12586297682
14930962
14930355
63292354
78176338
4807526989
20365011074
2971216060
20365011082
521
11
122380
14422580928
5777912
12595496490
4807555633
907065
1836340560
432
20367189383
9234230
2971336466
24158194
165580230
2971243730
14948063
4807533741
9228452
1076
17732
9273833
833637
20365011108
242786
24160401
1346413
2597
236
65424295
165591087
198015
102409180
4973107117
75114
39134537
1347866
18
39134537
39088258
20366357343
3525188
165580175
63246363
7778752995
242786
20365011074
102409180
433512148
17944
102334388
63321011
12586269046
2584
47965
10948
102334168
20365086099
324576
12588447334
103680424
1008
28658
1836386928
1144130635
196651
9227468
7778742104
514237
12586279971
1836314487
7
1836311958
2537720636
44791056
196418
701408966
3136795214
433495047
834624
47
514230
832048
12586465443
4807531157
72473451
5703031
843
5702888
12586286736
47
3525565
165582725
1137081479
457652254
267915893
1836322849
165580149
5778
3526175
433494581
324576
2976917960
15
1598
435672746
701408735
4558
4807526984
46402
701419679
39092350
1134907351
1860498
2976917960
14941298
15005377
380
267914673
1364
1346270
12586269027
63263697
20365132467
7778742070
4870772962
2817
9231646
4807527010
24989857
46512
165608798
1346413
20365011095
5703874
12586269114
14941298
1134903175
2299702
5702892
75046
267914529
75046
433512148
317845
5899305
149
32838
514231
834624
701408735
28678
1836826132
63
60
122380
433495047
8480150782
6786
102345101
9348858
12688603180
10573734
5703874
267914330
76622
832048
6998
2592
433495047
3524580
28801
1837143943
63321011
63245999
267914440
81790
1836311937
514237
1600
267915893
4831684793
321992
2971221838
3553235
514284
29644
2673
843
2971215073
3535524
1851242255
14930353
2178330
2971215683
22201322977
47965
39088169
2178317
1346324
433523094
317819
39088190
4807723394
1598
1138427748
28890
2269806340
29267
46371
2178919
701408735
12586269114
5899305
14931949
7780088318
20368535652
2374727
7881076204
1837143943
4106118243
12586271609
36
102351866
14
1134903171
832417
1021
196419
17108661
15444581
39088224
75059
24157851
514234
196562
103680424
7778743646
165580146
1134903191
699
7778748814
200599
3542289
28658
2971411491
64592255
5778
9256122
22
32951280099
18321
50549
4809705285
1134904767
4182
5
7779059860
701408754
165580518
102334160
268232107
701411317
77609
2179296
267914301
30254
17714
433494450
165655166
1134903172
166094370
1346413
63246973
14930386
39088182
22201322977
514839
8362
9256122
2178314
75635
166094370
13287677758
225075
4973107117
2980442538
433497021
1836629714
17745
12601199377
48315634
1346269
1836311904
832184
2537720636
39163194
5702908
122003
1836318668
14930386
701409110
7778742282
267914299
4807527353
2585
20367189383
20365328885
20365011684
2001892044
23336226147
12586269059
12610426842
2639
1220
273617183
1836311908
1836311924
12586286736
39088172
12589793603
121626
165581128
268035689
2185074
9231646
236
63250167
1836508321
20365011077
17108661
2178919
832273
14930360
15
3720996
7779574089
10959
1000
267925242
63246041
102334156
12586315393
995
242786
196452
5702890
987
39088177
4807544687
10
2971215073
14937117
234
866988874
288
39089156
171283028
63250167
12586269059
701412914
16
833637
39088402
97
269260565
2971215094
520994
3524578
75402
2178310
63246007
8
3527162
199002
236
20365017839
1173991339
701408746
20633239
20365011095
5508935709
46370
18698
234
623
121770
102351866
20365039731
20365012671
108037042
385
832095
335522
4325
1300483311
4822457328
68948873
39099115
174807606
39088190
3645971
618
433690855
457652254
2605
46370
267989321
267960664
2976917960
267914304
1346272
1664080
2178330
57314
9273833
433494458
9227554
989
9227468
24157961
5704484
5703120
79206
4909861131
1021
46745
2971336466
39088224
9423883
514284
832043
378
12586269059
2971215086
1346282
701408788
514229
838805
1605
121396
14948063
14930729
1605
665
1836312047
39090753
1347866
317900
4189
14
149
317824
3524581
6854
165581738
46373
268746336
317955
46389
5703874
2618
39
4809705285
12586269033
14930496
102334155
1346282
514462
28659
433512148
24157961
9227520
76012
48952
3524633
9423883
57
15005377
5168
132339
1836508321
754
2971215073
1134949538
989
76012
5702890
165626509
3842389
20365012061
11001
1392637
2178919
1350450
75033
63245999
833637
267942953
121427
28691
102409180
4414
267914309
17393796001
1631
12589793603
7779059860
1839836481
2971336466
65424295
1144130635
514230
20368535652
4807544687
701409110
1836340560
10980
4791
1135417399
75025
254
3524581
1364
2961
2178317
1421294
34
165580196
9227473
46402
7793672401
204668310
7778770706
433569462
514231
2974739651
849751
1134903172
3524586
267942953
10948
14930360
515216
102380523
19308
165580142
1836312047
157
1836316084
165581738
2178330
623
14422580928
121626
2178542
514229
46389
10949
166412181
10749957122
535828592
953433
7142
63250167
433495424
7778742062
12586269046
9256122
20365057442
1618
832041
14930355
317824
907065
2971215075
75258
701412914
2178542
75080
4807526977
4807648369
288
701408966
128158
165581738
1631
2971215450
4807531157
9234230
7778742070
1134903170
433494450
4807527353
20368535652
103166195
969323029
701408767
2299702
390
1134903171
102338336
3524591
75025
6767
3526175
28659
318044
267914309
165897952
66770564
24175528
102338336
701408746
17724
7778742050
9229062
15127
12543
701483758
1836311904
2178343
836221
28660
7881196
267
4807526979
5702892
63246363
3
317819
14976720
15444581
63263697
20365057442
2537720636
85971
20633239
63256932
3524633
8480150782
11323
39088224
267914297
12586269169
63246363
1137081479
1836311904
25504086
2971215076
4215
267914673
14931339
5778
318044
165584322
102409180
2971216060
439204
2178919
103166195
2589
102651966
20374238539
21892
13019763462
75026
2178322
4807526984
599074578
9228452
267914299
14959009
2971261441
1837658172
7778742057
6770
6643838879
17800
94
39405980
2589
20365039731
610
2971243730
3524722
7881076204
701410330
196473
5703120
4186
2986145425
317824
1664080
14930360
39088203
2589
63245986
63245986
1845539368
832041
7752
6786
11090
28746
1350450
12587101065
4807533741
1021
102334157
5702908
25504086
75027
2178686
318044
196473
433615830
1348853
4184
433615830
196651
20365012061
10
24158194
165580518
53133
12586297682
121395
198015
1838490212
63248570
2178364
1134903175
2817
832042
14422580928
1134903183
1974
1836311904
2584
832417
166412181
1836313500
832129
24161998
24186474
1134903173
39116826
11405774
9227467
12591971912
102335752
1134903183
20404099243
102362812
1346324
433497021
12586465443
165580751
204668310
13287677758
1134903173
433569462
166926410
165655166
267915283
5702895
63246219
121414
18321
6799
63245991
2224677
12586297682
754
123
433569462
63245991
2496120
46745
102335142
320395
166094370
75038
12586269059
121427
41266478
198015
832095
9227499
1137081479
39
24157820
39088203
1042
317816
165580518
318798
878408
2584
14930441
87403803
317816
2178311
267915893
23
20366357343
20365011218
7779256278
15005377
434326477
5702888
434326477
30254
34
20365011451
14930585
433497021
3194
29860704
39089766
1134904157
707111620
754
2971290098
1134903259
34
28658
7778742282
11323
90
166412181
1600
1836358271
1135735210
102345101
17724
7779256278
3720996
75046
288
24157961
12591971912
18698
2585
7049156
42
6767
14930354
17855
60
701408734
8046656345
234
20365022020
17855
122990
9615053952
15127
11001
2728
2537720636
85971
531940
16276621
63246973
34
19308
20365011087
2537720636
7778742052
701408754
197028
10951
514230
102334189
4325
4184
1392637
102334156
55
466
238
2971215450
5778
46370
102338336
126491972
102334189
5703120
44791056
2971215076
1198149156
33385282
4182
2196020
9231646
46978
157
2971215081
514263
5942430146
20428257060
20365017839
2971215086
1008
12586344050
102334168
2178919
14930373
12586465443
267921061
102455548
1347256
47355
102
1346282
63274643
9545276
77609
26336126
832048
3531343
165608798
47355
2976917960
3524722
2178314
171283028
12586344050
197405
197028
589254
39088177
2496120
514229
63248570
121395
12586270012
1173991339
4356618
2971216670
618
335522
12586273206
24157820
9229062
1860498
3571
1875400072
20365011163
21892
433495047
535828592
102334244
196651
1138427748
15126770
4807544687
7778743036
268110714
132339
7778742426
631
102340920
46371
1042
12752043
20365011684
9228452
31241
102334160
1000
102334176
701419679
28670
165580149
9227467
10573734
1421294
46371
150050
166094370
7752
111561620
317813
12751849166
435672746
14930729
433494670
42
9227468
178
20379941426
271443
433540805
7793672401
7787969514
5702888
68948873
439204
27682395
122380
2995372890
542886
81790
12586270622
4808873245
103682
196795
644
40434438
165591087
7802899866
2182490
267914296
832273
85971
433494526
63245986
20365011307
75025
7778863442
832041
3524580
54018521
2971216060
268232107
196421
6799
20365011076
4189
1134903171
122380
1134903191
6643838879
3524586
1610
701409110
3571
28691
1346282
20365328885
2971729302
24157818
9227609
46373
1353034
267921061
63367379
46601
13287677758
1836311905
9273833
701726544
520994
411
63292354
268035689
5702900
11179
433512148
12586586836
701530126
5778
46745
8046656345
122003
55
17855
39094934
433494492
4807531157
28660
39163194
514318
2971215107
66770564
34
165580146
1357215
710647
29644
102334176
121770
4270
1836311924
139104
241
17745
196473
20632925370
2207
1836312280
1134920881
1836311916
4870847
3531343
141422324
5720598
8
7779059860
1374926
9227609
2971215162
7778744633
39209562
11090
20365086099
995
196507
2971729302
2817
2971215683
121398
7778742138
496740423
9741694
1741
385
12586269258
2692538
4807526997
102848384
382
12586271609
631
1134903780
1136249439
4807648369
9227842
24186474
11001
9302490
953433
701726544
4807527031
701410330
3010303242
267918477
560597
15
12586783254
7778742193
990
378
33385282
28659
39094934
152
1134905754
1134903171
267932007
1652
6854
2971215162
514237
1346879
4807555633
701408735
434008666
7778742050
9227609
8212236486
5731544
18088
63246020
3524667
267914906
701408767
24168763
20365012671
92736
34
122003
14930373
4831684793
20365057442
701412914
701437390
39092350
75026
36
4194
7881196
63256932
2178364
433494581
4270
24157817
1836340560
1135735210
63252751
9227478
1836312047
5749255
2592
1135417399
2185074
17719
12586269402
7784444936
1346270
5702976
7778742104
2971215683
432
75114
20365086099
15762392
9227465
28660
434326477
14
12586271609
63250167
4807531157
12587101065
433494450
32838
14930365
9227467
102334176
4183
12625357194
28712
46373
20365015255
20633239
9
2971215306
514229
3645971
2374727
9423883
701409343
39094934
22
39092350
24157830
12610426842
121770
4909861131
4822457328
2182490
2639
20365012671
1134909935
1134903170
7778743036
701605151
3194
12543
102334388
4809705285
644
7778742062
317832
121406
10948
102530573
12586269038
1135024563
6765
1357215
7778742057
2971215078
103680424
1830
2974739651
380
514234
24158050
92
379
2971290098
2178686
166412181
14976720
41266478
4325
20295
20365015255
14930360
20366357343
521
37
15005377
2971215081
1348853
178
7375
382
9256122
267925242
1836311904
34
75114
12751849166
271443
4807555633
39088546
1134978195
16276621
433540805
364179
108037042
2207
85971
5777912
7142
9256122
15762392
122990
589254
5241021413
514229
2253334
20365013658
702240773
701409720
63292354
701409343
433494437
11
46381
5824280
165580144
165591087
4236
4807533741
85971
9227842
76012
5702900
1076
15557484098
7802899866
63246041
2971215450
1610
196439
5703031
1134905754
20530591215
39088546
268746336
7779256278
17711
1134903172
18
121448
75402
1836311916
4038807
7778744633
111561620
1364
282844648
20365011077
28665
701455101
995
11323
26336126
11323
4807527010
102334765
17712
6778
4807526997
4807844787
701408734
3
72473451
144
267914385
28746
12751849166
12586279971
267914297
531940
15127
4807602001
2974739651
102334168
24157818
701412914
39163194
63252751
5703120
1836311916
4807526989
3542289
282844648
122003
277141761
9229062
17944
102334532
4807573344
1836311906
196431
2586
4215
2971217657
14941298
5942430146
5942430146
433615830
18698
39405980
27682395
92736
102336739
317900
14948063
17716
46512
165608798
701408966
26
3010303242
9227468
20370713961
665
12586269114
4181
3599603
702755002
1664080
102455548
832061
28678
701530126
380
165586906
12854183321
1838490212
75080
7778746230
10948
63245986
2182490
267915283
53133
1134903225
1135220981
1836311911
392836
225075
1149833522
2961
2269806340
1237237325
267932007
9234230
2178542
165580146
1134903170
63246596
9227473
1836311903
1836311958
5702889
139104
843
990
267921061
166094370
1135024563
1842014790
1836312280
1135099588
6534927
14931339
102335142
2253334
9227842
3034461059
9227466
7778742062
1134903259
1374926
2180893
20365011077
2971215450
5704484
318188
6643838879
1363980
267914385
46381
321992
3524581
12586269080
24157961
12589793603
701726544
12586269059
4325
39209562
7752
1836311916
7778742051
267914296
267914301
72473451
63247583
7778863442
267942953
39088402
12586269046
60
2971232784
1134903183
1140606057
2584
102345101
4807527120
9227554
1837143943
12586315393
28691
2971226019
433494442
665
46978
990
14937117
1346290
64079
1899557889
4807527010
12586269258
197405
20365525303
39105880
24158427
995
102334168
75026
1845539368
433496034
4822457328
1134903780
15127
39088224
102345101
701411317
7779256278
12586269033
47355
433494458
1346324
31241
5703031
496740423
514229
433523094
12587101065
11090
7802899866
953433
1353034
20365015255
57314
10967
20467345229
54018521
24
269260565
267914529
273617183
11323
254
3672623806
2971217657
68948873
4807527963
17714
32951280099
701408734
19308
238
3524811
3526175
12587615294
1610
433615830
228826127
11
63760215
4813229863
89
9227698
165597852
56
1845539368
24157838
434326477
21499914244
165580142
514231
457652254
7881196
12586273206
518410
75635
987
12586269402
12586269028
1664080
433494526
20365328885
307002465
196562
4808041205
6767
102848384
12586269402
39088170
24158194
317813
623
385
1134903259
157
103680424
63246020
2196020
20295
12586390418
20365013658
5709652
28691
241
75030
4807844787
411
17745
411
433496034
2817
102530573
22
165580230
90
47
6799
5
7778742282
14931339
267914317
63246007
102351866
85971
9348858
28746
58
102334155
5704484
514462
157
7778742070
12586465443
102530573
103680424
7817830218
4846615145
39088203
992
12586273206
2971217657
14930354
2178919
17716
20365015255
75169
6786
39088190
514231
167761
11035
515216
63247583
740496902
3535524
836221
1605
9230049
1134904157
12586269046
39
12589793603
1042
165580154
58
24168763
14930354
832074
6767
2974739651
20365011218
2179296
39090753
12586269258
701408754
90
20632925370
1836314487
849751
433494438
832045
7784444936
121414
3524667
19308
35
2207
11035
433812248
3531343
1134903170
2961
29860704
102334532
716339085
11179
317819
1836311903
24279210
34
24672046
2971215128
102334155
701483758
3524722
3524586
1134903175
3524578
102334176
542886
7778742282
14930354
2185074
24159414
63247583
1836314487
20379941426
63
4807537922
5702887
7778748814
3524612
2537720636
29267
46601
63246219
28746
702240773
8
123
740496902
832074
1346502
1346646
11
7787969514
448424789
254
5704484
1357215
234
2971215683
832061
102455548
832273
20365011075
1631
701922962
2971215217
20365011451
7784444936
63246007
64078026
24164582
3
328757
1631
24186474
317824
76
4182
1237237325
7779256278
4813229863
102
1363980
60
7778742062
267914330
267914906
7787969514
1346646
9227467
7375
5702908
9227486
268035689
20365011082
68948873
1346271
28665
9
46601
317814
15126770
496740423
39088172
14931339
2178309
233
14959009
3524811
12586273206
433494440
701408738
6217116
1134903403
849751
4414
200599
2971290098
13721172195
180510493
2592
102530573
1599
4807602001
378
269260565
75059
9227466
46402
63442404
1134903547
123
4808041205
516813
16
710636198
9227486
75402
26336126
63246130
269260565
701408741
1842014790
12586269028
10946
39088402
63246041
1602
953433
91
878408
102
1346324
5709652
514284
267914298
4807529560
166094370
433494437
12586269030
3720996
63442404
15
102334158
3524580
2586
2178398
3524583
24157961
7778770706
1134903780
228826127
832040
14948063
14930585
225075
1346269
20365843114
41266478
434008666
317812
20365207492
4807527065
1860498
24186474
1134903547
433690855
7778748814
4
2971217657
6768
11556
317819
7778742050
20365011095
346468
2618
17732
20379941426
18
988
1348853
24161998
514229
20365012671
9227466
7
764654719
1350450
6799
364179
121394
267914301
1860498
2178322
121626
12586269402
4807526978
3524811
102334168
1836312890
46978
317955
13287677758
4807527963
18088
121396
4807526978
121626
472582606
610
12589793603
165584322
271443
701412914
4846615145
97
9227499
39088779
1836311937
2971729302
4870772962
63245988
4807526984
1836311906
3524579
834624
1134903314
2971215306
108037042
1134905754
165580285
832061
7778863442
1830
128158
635622
165586906
89
6768
610
860697
10749957122
832048
273617183
589254
24232842
165580230
12586275790
12586269046
3524633
317816
14931949
9228452
75025
10749957122
20633239
1131
165
1346282
165580518
108037042
21892
39088169
197028
317900
1860498
1134909935
520994
14959009
5702888
3526175
2961
13530
44791056
14932936
1602
102334163
4807526984
20798505511
3136795214
4807527120
5703031
268232107
196421
15444581
6217116
196419
318421
2817
542886
50549
1346270
1346879
63247583
2537720636
20365011095
20467345229
1836826132
5777912
4811051554
267921061
1348853
4215
1347866
63367379
1140606057
433495424
1134931827
2178312
710636198
4807527353
5075441272
385
4807533741
102455548
701412914
1402817466
317832
832045
117264507
28660
39088546
196420
1845539368
843
46373
20404099243
102848384
57
3524579
701483758
18321
18321
102848384
2971215078
102334765
39090753
17732
63563797
102334388
1220
7778742426
4558
28801
9615053952
57
63563797
832074
12586465443
1346282
12586783254
5703874
166412181
4807529560
1134903170
3010349
701411317
5702888
91
754
236
24989857
117264507
842986
12854183321
433495424
22201322977
77609
33385282
165597852
24
4807526984
6778
197028
75258
5702921
165776559
24204185
716339085
24
3073549228
24158050
89
63246973
90
4807533741
46381
398
836221
1134904767
514242
17108661
4558
292072113
28670
514263
63252751
20365057442
3524811
832273
288
433496034
63442404
1836433296
3034461059
1237237325
7784444936
4909861131
2971243730
20365011129
36
238
121427
398
1851242255
31241
589254
14422580928
9349
102338336
7787969514
102409180
2971729302
102409180
803742888
20374238539
4846615145
4558
3524586
701605151
122380
7778742057
64078026
2961
1875400072
165580142
63250167
4807526984
1421294
165580149
9302490
6643838879
1134907351
167761
20633239
121626
6217116
631
63245991
433495424
3524591
97
433494471
2971290098
3136795214
1392637
1149851
317900
166926410
7778742054
292072113
102651966
24
4791
5703497
7778742057
701408736
58
12586269402
122990
7375
46370
2971215683
1836329614
433494458
542886
14976720
703587042
1836340560
36
271443
46371
2104226199
435672746
9227478
28746
76012
102340920
3524955
5508935709
2178398
20365012061
39089766
268746336
66770564
35
335522
14930354
169104719
39405980
165584322
472582606
24186474
307002465
701408877
472582606
1134903171
125574
198015
2971221838
26
27682395
102335142
17714
9227467
1140606057
433494526
615
14937117
196473
7778742193
15
1346269
189737958
23336226147
87403803
63245999
121448
63563797
11179
121396
317824
75059
14930353
1664080
1134903204
39092350
54018521
39088182
860697
866988874
434008666
514250
5702895
518410
46512
1134904157
165
665
12543
5705471
102334765
20365028785
23
5713833
5777912
24204185
9227698
145
1845539368
14930365
385
1860469720
64078026
740496902
18454930
12751849166
63442404
189737958
39088402
4182
7778746230
4808041205
121398
46370
1134904157
988
1137081479
2269806340
23336226147
328757
102334163
75038
79206
1134903225
174807606
13287677758
14930365
4973107117
1839836481
12586269026
102334765
12591971912
196795
710636198
335522
46978
20365011087
20365011074
4813229863
39088182
701408822
9227478
198015
1938646058
24161998
20365011307
7817830218
3524955
1021
12586279971
433494438
12586269030
2253334
121395
10967
15557484098
10967
121395
17713
1134903172
9273833
1652
725566550
267914299
1134931827
21066419807
7778742104
2178453
12586269033
7778742062
32951280099
46371
2178398
75033
987
9227486
390
76012
39088171
1350450
20365057442
24157906
28665
1836318668
12586269402
7779059860
29860704
5942430146
385
14941298
11
9615053952
1836433296
102334158
433494450
398
4807527010
15126770
94
139104
1134903175
196420
132339
1198149156
13530
267914351
24158427
24161998
199002
7793672401
20632925370
12586275790
20365011451
17713
1836312513
9234230
318188
5702888
20365011087
2971215073
4807526989
165580162
6
3010303242
267925242
4807526979
7778742104
7778742051
3524667
12586286736
268428525
9741694
47965
3239129369
39088546
832650
7778742104
6820
57314
3535524
288
75038
9228452
1346303
11035
41266478
707111620
433501202
63245986
28746
75046
4808873245
2178453
4807526984
2178343
378
5702921
514234
267915893
152
1830
1136249439
1134904767
5702890
5778
4183
317866
4791
1836433296
2178343
2995372890
2189255
14422580928
75033
433540805
13721172195
1899557889
9545276
17713
36
13
1134904767
2179296
5241021413
20428257060
2971215683
12586269169
701726544
2971729302
5702976
1851242255
370248451
102338336
12586783254
432
514839
64079
1134903780
20365011087
849751
331160282
701408738
72473451
1836826132
832041
2971226019
28691
11090
169104719
4183
2178542
321992
28658
20467345229
1347256
91
128158
39920209
7778770706
20467345229
5075441272
4973107117
3404709510
1346324
2971215306
15
8
328757
94
7375
3528759
102334176
157
377
165580285
214129
3528759
7778788417
288
14934533
3136795214
1837143943
9227478
318188
121398
433494438
24157817
165580149
102338336
24157818
2178343
1137081479
4831684793
4038807
17800
7802899866
29267
307002465
2971336466
23
1134920881
1836826132
10059505
2971219254
17716
21
196562
4808873245
5703874
46423
2001892044
24158050
3136795214
9234230
318798
242786
433494471
1173991339
9545276
2178322
271443
4822457328
12586269025
433615830
4807526997
63246041
9741694
46376
1836314487
12586275790
701411317
20365328885
267914299
346468
102380523
5705471
2961
433494526
4807533741
9741694
20365328885
14930386
7780920358
7049156
75028
2971215162
14930355
102334532
4807527209
9256122
47965
701408736
165580230
990
150050
9256122
14930729
8
4
701455101
514263
149
2995372890
24157819
20365011129
267914529
13530
1134920881
46601
63246041
46370
12688603180
433494581
149
4807527031
442721902
832129
228826127
4808359016
102334210
321992
39088779
3524578
832061
24158050
12586465443
165
515826
28890
1220
7375
132339
166094370
1134903225
267914304
14930386
3672623806
542886
1836313500
235
2971215073
3528759
2605
12586273206
3526175
39092350
267914673
2971215074
1220
267914673
75169
75169
167761
2179296
9227499
433495047
322
196431
7049156
9227478
12586269026
3524722
165591087
13019763462
165580230
701408767
5704484
433494492
24157838
121394
2971215075
64592255
7778742057
701415498
4807527586
53133
46371
1836311908
611
2597
238
1149851
14930353
832045
20365011129
15127
277141761
1875400072
28890
267942953
68948873
35422
17766
102530573
1134903191
2587
832045
4183
1346646
20365011077
10948
63246007
46512
36
102334244
1347256
2974739651
273617183
28712
3531343
1467662
24159414
199
39088224
1348853
433690855
76622
9228452
1134903225
102334156
18088
514462
63246075
318188
4325
28660
3542289
21
7778742193
1134903259
4909861131
2299702
2995372890
24159414
4807844787
832043
46512
144
20365132467
15444581
364179
725566550
9238411
7782266627
196426
385
12586286736
701408734
6854
9227478
832053
150050
102334156
28659
14941298
701408734
12586270012
102334158
5705471
85971
63256932
2971729302
2971411491
1842014790
20368535652
39088313
433523094
969323029
834624
699
17712
203183
102334210
15762392
165586906
2971215081
117264507
514242
165580230
7778742057
267960664
28662
2971215075
12586273206
196420
2178919
433505383
267925242
85971
17800
20632925370
15127
267914385
2196020
196562
392836
1134903225
843
12586269114
29267
165580751
30254
1149851
20365017839
75033
7779059860
165580175
20365011307
149
7881076204
63246596
12586273206
5703264
267914296
1028458
9227468
18
15444581
105858733
5703497
832061
24157872
7787969514
7782266627
4807526981
246
7793672401
317813
267914298
63246363
701415498
15557484098
196420
701483758
1542687
102362812
5702889
4414
2980442538
267914297
3527162
7779059860
433494492
7778743036
20798505511
1836312890
5778
4973107117
6820
4807527586
5720598
37
102380523
29644
2178919
4807529560
55
29644
514462
701530126
611
42
268110714
5702895
1134903178
167758450
1350450
7793672401
833027
7778748814
514229
196418
28657
4356618
24157906
448424789
29034
9245176
4807537922
5702900
317900
12625357194
318188
14930352
24157906
165580175
5899305
4215
102651966
1346646
2971729302
5702887
141422324
2206966
7778748814
433494440
196452
102334189
7778742062
267915283
63246041
7778743036
14930729
27682395
2971215074
29644
433523094
121396
317813
267914296
76622
26336126
2178317
39088170
701483758
1134903225
20365057442
4106118243
24157838
17745
12587101065
24475628
50549
514462
25172538050
14422580928
8046656345
48952
21
4808359016
3672623806
9227554
433523094
433501202
48315634
12586270012
2974739651
12586269059
433494440
20365011082
7778742138
12586269033
12610426842
514242
4558
12591971912
24
1899557889
267915893
514606
5703120
4807526976
39088177
196420
382
196426
102334765
46373
1836311937
267914304
2206966
14948063
267914298
1135099588
63256932
5241021413
433494581
3645971
432
39088169
3010303242
433494526
615
39603
39116826
2179296
832650
2673
725566550
63252751
833027
196418
701408754
1597
103166195
14930365
12543
28801
29034
233
13287677758
4807527031
433494445
10951
1618
110
2178317
9230049
1568397607
7778742051
63246363
317819
63274643
990
2972561342
5942430146
165582725
271443
3525188
121406
28691
20798505511
63246219
701410330
21892
8212236486
63245986
1610
433495047
166412181
89
199002
317816
39089156
1618
1028458
17716
2971532884
24160401
2971215162
24157851
390
317816
12586269030
2185074
10954
7778742104
12595496490
8212236486
15126770
14930585
3531343
15557484098
12586269030
832053
17714
7779574089
102334244
1347866
7779256278
1838490212
433812248
13721172195
1875400072
39134537
8362
317819
196439
1597
10
969323029
39134537
433494438
2971215128
1542687
1610
18
17944
87403803
165580162
398
2587
5777912
25504086
8
12543
5942430146
46423
17724
4909861131
4558
102409180
14934533
28890
165
514229
8
14932936
3073549228
267989321
63248570
589254
47355
145
7778746230
17393796001
121482
102334168
514263
9227486
834624
833637
7778817074
50549
9227554
14930441
1836311924
20530591215
2299702
102334163
3524580
7778788417
20365039731
7778742282
6768
701408735
102334155
7802899866
20633239
1136249439
832048
433494440
740496902
1346879
12586271609
42612747
2253334
9227520
10946
5075441272
12586269028
433494670
516813
165580143
2971215073
433494670
42
20404099243
246
165626509
20365328885
435672746
610
18698
832045
267
63442404
12588447334
1144130635
102334244
364179
147
433494450
7778742052
2178398
6909
6766
2586
2971215094
434840706
1134907351
725566550
433812248
4807527586
7779059860
953433
75046
1836433296
346468
1134903170
2374727
1974
2207
5703497
64592255
6767
317900
1134903403
2971216670
448424789
6799
102336739
150050
20365011077
292072113
102334388
832129
228826127
37
46457
39088402
14931339
2178317
14930365
165580374
39088258
1346270
165776559
364179
2178311
81790
145
317814
1134903204
411
2182490
4807526981
228826127
28657
198015
102334189
12586315393
24157830
103680424
969323029
377
1598
165701534
7778748814
110
1836433296
63321011
13
10980
12586269402
1346879
75027
12586783254
1363980
75402
3
1008
63245986
4870772962
5778
5702942
7778742070
1134903403
214129
1836386928
701922962
196421
7784444936
1392637
165580149
4791
5709652
26336126
20365011218
7778742426
14930729
9227473
21066419807
1134904157
1134907351
165580143
615
24354235
5703031
10980
17724
39088313
2971215076
2104226199
439204
442721902
4807526978
20365843114
14976720
701408788
3010303242
254
207364
14930373
12586390418
2971411491
8212236486
57314
14931339
157
439197324
2179906
12586273206
14930729
2971215081
2971411491
764654719
39092350
10951
17766
165586906
2961
433512148
2974739651
514232
364179
433495424
832040
196795
15051745
8362
701483758
167761
20365022020
20365011129
12586269033
63292354
2972561342
121482
7778742282
832074
267914297
39209562
2971215306
20365011451
2971215073
2537720636
97
833637
1348853
3524583
28670
7778742049
2961
12595496490
25504086
14930352
63256932
433512148
166926410
121427
14
24159414
1836311916
10573734
3524599
4807531157
5942430146
12591971912
63
3672623806
24157838
1134903403
3672623806
3524633
9227520
3524633
81790
29644
4808359016
433812248
3524633
12586269080
207364
319408
1159060987
1836311905
12586273206
5713833
631
36
988
317811
701408746
7778742282
2986145425
433494437
4215
5713833
364179
78176338
20633239
1135220981
47355
623
14930354
2971411491
514373
4808041205
631
4808041205
102335752
4813229863
10959
2971221838
121537
953433
7778742083
77609
3524579
165897952
9227499
75030
66770564
14422580928
1346358
56
317824
75027
39
24157851
4038807
53133
166926410
167758450
63250167
2971219254
5702942
1836316084
24157820
1836311924
2971411491
28659
58
1839836481
9349
4973107117
12601199377
63246007
2269806340
29267
907065
2972047113
13721172195
838805
94
32838
1392637
318044
9227467
2178330
165608798
14930585
2224677
267925242
2104226199
11001
433505383
63246075
701409720
833637
703587042
165580374
318421
63246596
11035
63247583
4807723394
5704484
832095
108037042
39088177
3524583
380
4807528573
4356618
54018521
1134903259
55
12649515011
4807648369
18698
165584322
63245987
105858733
514229
1198149156
39116826
169104719
1600
165626509
167758450
3524591
516813
1618
267925242
1851242255
63246020
1134949538
466
3570946
701437390
17719
618
1836629714
2206966
24157851
832048
1237237325
238
24157906
1173991339
2972561342
102334210
9227520
24157822
7784444936
4807648369
30254
68948873
39088172
24157822
514232
39088169
392836
57
7778938467
268035689
12595496490
7778742083
21499914244
518410
754
13019763462
12586269027
9245176
2001892044
7817830218
7779574089
2178398
165586906
197028
7778863442
1134903314
15444581
317866
496740423
6820
7778742051
969323029
8046656345
9227473
3524599
102334157
4816754441
1348853
12625357194
1467662
29034
28678
204668310
3645971
267914304
121427
77609
103680424
29860704
207364
121406
28659
165580149
7778759760
241
50549
20365013658
196439
1851242255
5704484
7778788417
75059
5703031
1346271
3034461059
12589793603
2206966
75080
2589
3524722
2971215107
17393796001
121537
2589
434326477
725566550
701419679
1836508321
18
196426
2618
1346272
5899305
63250167
63245988
4816754441
3524955
12625357194
267915893
2178398
254
20365843114
2971215075
268110714
392836
8046656345
39088190
20428257060
28712
63
126491972
433523094
39284587
24204185
11
76
317845
1836312890
20365328885
4870847
3073549228
54018521
24354235
1836311904
3842389
4807527586
878408
320395
7778748814
542886
28657
969323029
1134905754
433501202
832061
3842389
6820
833637
46745
34
1149833522
24157851
17714
20365017839
4973107117
433512148
9228075
102338336
103680424
214129
701922962
1300483311
267916880
121393
15762392
121396
24168763
17719
969323029
14930352
754
166926410
39088546
110
39
321992
2971411491
125574
24157830
832061
833637
166094370
18454930
9227554
2639
439197324
1363980
433494670
20365011074
7778863442
4807723394
246
531940
4181
24157819
288
433498618
20798505511
102334156
165586906
1346269
442721902
4807533741
24157817
3
7881076204
15762392
12587615294
22201322977
39089156
94
4807527010
433498618
701426444
1149851
3525565
268110714
10059505
1042
78176338
15248163
267914440
9227499
992
7778742054
1836311906
3672623806
24168763
30254
531940
514232
121448
8362
75402
1836312513
6998
63246596
5075441272
1173991339
5703031
28890
15126770
126491972
196426
433494581
4973107117
121401
9227468
12591971912
1140606057
1830
832045
20530591215
121414
24475628
433494670
12586269402
1134903173
4807527353
1134949538
4807723394
7779574089
5899305
701411317
2178398
7778742426
37
12586269033
12586269080
1134903191
4182
24159414
3525565
46745
3404709510
72473451
241
165586906
53133
24175528
268428525
267914299
254
5702921
2587
64592255
7787969514
514606
29034
8212236486
6768
1347866
710647
4807527353
102345101
28660
701408733
167758450
102651966
35422
165597852
268428525
20404099243
434008666
8212236486
2178314
1837143943
4807573344
1599
4831684793
4870772962
1134903259
849751
2986145425
14930407
39094934
4182
14930373
433494814
24158427
103682
321992
196420
117264507
4870847
1836311958
8362
435672746
11933
832043
2178309
1149851
4808873245
2178919
18321
27682395
267914299
514373
9227466
2972561342
612
123977
4807527065
3672623806
24157825
20366357343
1686
63245988
433495047
5705471
13
141422324
103166195
1839836481
5702890
57314
76
433496034
1836311958
10967
1392637
102336739
2971219254
39088169
1346502
7778742659
1348853
2178398
317866
5777912
4807723394
46373
2224677
433523094
2178343
701408754
63250167
842986
3524578
12586465443
39089156
46376
18
701410330
199002
197028
4
320395
2974739651
3525565
14930360
17855
701922962
514284
7782266627
11405774
9348858
28890
701483758
1741
4325
2207
63246363
1220
12586275790
836221
3720996
1135024563
704933311
1652
4807527353
2971215450
803742888
267914309
1597
14959009
10949
1173991339
102848384
2971290098
39405980
1134904157
46601
9234230
3524586
14930729
17732
47355
433497021
9231646
433494670
6534927
63563797
4202
515826
9741694
20365011075
702755002
4038807
236
2971215076
2185074
12586269027
4194
121396
267914304
39209562
317814
2971215075
63252751
1836311904
28691
6020698
6217116
196452
48952
3720996
5778
20365011129
457652254
701412914
12586269402
516813
322
75635
701530126
1899557889
46978
46601
615
7778743036
20633239
20365011077
12586465443
832053
701408734
2971215450
5705471
12586270622
28659
12688603180
3073549228
14941298
1421294
26336126
398
496740423
165580154
328757
196426
102334189
277141761
701426444
20295
24204185
11090
2972561342
378
3571
102335752
12586586836
1346271
4189
1842014790
5731544
3524599
1875400072
63245991
16276621
1134920881
1652
2971411491
1605
267942953
701426444
4414
12587101065
9227465
14
6
24157822
2178314
4846615145
433569462
1842014790
122990
12586279971
20365011076
15
6909
11323
1134903225
701408966
514373
15248163
6534927
5702900
988
1836311924
39088170
988
12586269080
1346282
24158804
701455101
953433
433495047
196651
7778742282
27682395
24157822
12588447334
1851242255
701408788
14930373
17800
24157872
7802899866
7778770706
267914299
4183
63760215
63246041
63246075
11035
8046656345
15051745
701410330
7778788417
10951
66770564
102
7841988035
2189255
1134903173
1134903183
434008666
102334210
1134903547
6909
267918477
433523094
14930360
516813
992
4038807
4870847
832045
4807527353
63246020
28660
9227466
165897952
234
18698
4356618
9227486
1836311992
9238411
433569462
97
13
14930585
531940
273617183
3526175
102334189
91
39088171
1134903173
322
14976720
165580143
26
167758450
989
1347866
2206966
1974
20365011218
3535524
2178919
15
11001
560597
7778742062
165581738
1134903259
1008
5704484
1134903259
24168763
832041
7778817074
1836314487
832095
25172538050
20365011079
10951
39088546
15248163
28662
12586286736
1836826132
12586269027
6
55
121394
1134949538
7778742282
20365012061
7881076204
39088172
165580751
75025
33385282
102334157
126491972
75033
12601199377
14930585
439204
196473
699
121626
4807527209
707111620
4807526997
4807602001
328757
434326477
97
14
233
701408877
39088224
1836312136
2971215683
121482
2971219254
1350450
3525188
277141761
2971290098
28670
701408733
12586269114
4973107117
102380523
1346282
56
4807527963
75080
1542687
10959
4807527963
378
514242
24158050
102334765
165580143
48952
20530591215
39090753
433494440
233
63245991
1836311903
514606
1134903547
121395
5707068
1350450
1741
63246007
20365011095
46371
514234
5702908
1347866
635622
6643838879
63442404
146
128158
103682
65424295
126491972
9227486
4038807
740496902
1875400072
5702890
13019763462
1836314487
1402817466
268110714
3194
2976917960
317832
24279210
433495424
165591087
1134903175
24279210
3073549228
6773
7778938467
3531343
4215
267914296
267914309
75030
7793672401
514234
17745
46423
20365011095
2178311
147
122380
832273
2585
47
701409343
4202
832417
10749957122
6778
2586
9227698
10951
24158050
5702900
2986145425
63246020
7778742062
85971
14934533
4807526977
525175
9273833
64078026
24232842
24157961
63246020
63246041
24158050
2178322
832650
165776559
39088313
46389
2673
270092605
1136249439
320395
5778
2605
1042
437019015
7778742051
267914529
701409110
1836312136
988
5241021413
4791
317811
2972561342
1836311908
15005377
5702895
1836340560
516813
20365057442
1374926
3194
28890
14976720
20368535652
434326477
701408741
14932936
1836312047
22201322977
111561620
292072113
7142
102362812
20467345229
14930373
4106118243
6998
1346358
12586269114
1836311911
2971215081
102409180
75027
514230
102334163
331160282
102334156
2178919
189737958
4807526977
1144130635
24161998
2179296
987
433494440
12586270012
270092605
9228452
4807526977
14930373
7778744633
267914301
102338336
12586273206
3645971
3034461059
439204
7778742104
150050
11035
7752
79206
102334176
20365017839
1836629714
24158427
21499914244
14948063
47965
228826127
433505383
5508935709
4807527586
701437390
17944
110
14948063
63292354
644
1138427748
390
11556
121427
433812248
433540805
2971243730
24157820
433496034
433523094
267925242
17855
701426444
866988874
2178309
2178364
1836340560
34
9302490
3672623806
20379941426
12586586836
102334163
439204
165776559
4325
60
24204185
24158050
1836311905
4807723394
1837143943
2971215162
740496902
703587042
17714
4811051554
7778742104
1134903259
701455101
1875400072
1134920881
4181
6854
46376
7778742138
81790
63245999
1346324
46402
9227499
433690855
2971215078
24157818
27682395
20365028785
2673
442721902
63252751
382
2971215094
701726544
2971216670
102334532
24157838
433512148
5703120
433494814
4808041205
28657
102334244
1144130635
1836313500
5713833
2971215128
46376
7779574089
12854183321
433501202
4270
3542289
3010349
2269806340
63245988
14930353
75038
710647
9256122
1542687
589254
2971216670
14422580928
214129
4807527120
35
3524579
64592255
9227467
472582606
1346270
26
392836
832650
102334244
14422580928
515826
7841988035
701922962
165626509
701408741
1836329614
102351866
103682
28890
2971219254
1149851
102334157
14931339
1134903225
10951
2605
433494450
1346270
2269806340
18454930
28660
4807526989
12752043
2971215081
102651966
12543
2971215075
8046656345
535828592
2972561342
10
434008666
28658
196423
4807573344
14931949
17714
197405
20633239
2971221838
1134904767
1149833522
4809705285
317811
4038807
842986
764654719
13287677758
1173991339
1839836481
1134903403
701408877
9245176
14930496
434326477
988
267921061
199002
2253334
9227609
12625357194
4808359016
196423
398
76622
6767
12854183321
75258
4807555633
20365011163
34
4807526977
701408788
4807526981
157
3404709510
335522
2986145425
433494670
20365011074
4807526989
35422
20295
1837658172
4807531157
46376
2178330
9234230
196421
204668310
7778743646
24157830
370248451
14934533
11405774
6767
5777912
199002
14930496
121396
10959
166926410
141422324
514231
1220
3
5703031
1357215
20365057442
1000
599074578
17944
105858733
1374926
3525188
4811051554
2178686
102334156
3553235
3194
832061
2178542
843
7778938467
39088313
32838
3073549228
1300483311
1000
11405774
2196020
701408735
411
1134903178
701408966
15051745
832042
40434438
111561620
196418
238
17855
1140606057
7778742282
15557484098
39088174
18088
24157817
20379941426
63245988
317812
1347866
228826127
2206966
117264507
433494440
165580144
196651
20370713961
433494450
324576
102
992
4189
267
832650
7780088318
20370713961
121393
14
12854183321
75030
832048
7778817074
39
63247583
1134905754
47
1600
2178309
3524722
282844648
2995372890
75046
14930729
2224677
92736
2971261441
20365017839
10946
14930354
39090753
57
30254
701408741
838805
28660
24164582
5899305
1618
496740423
472582606
102345101
1618
4356618
267915893
2224677
