5000
2971532884
701411317
514230
9227698
832129
433494458
20365022020
701922962
12587615294
63367379
39088779
20367189383
725566550
2976917960
2995372890
214129
21499914244
7778742051
832095
317845
196419
1135417399
2971261441
180510493
4106118243
754
267914296
514242
20368535652
81790
2971221838
833637
6773
317819
7779574089
47
165580149
9
411
7778817074
1134905754
1134949538
24157822
514234
20368535652
12586269027
132339
63250167
8
988
1346413
2971411491
178
198015
76
22
28143753123
18321
28657
514606
7841988035
4973107117
139104
8913645219
14931339
9615053952
2253334
20365022020
14930354
7787969514
702755002
9227468
1346272
514237
317845
39920209
12610426842
63274643
21892
29267
39088177
75033
39
2224677
3599603
4870847
15051745
2971215217
24161998
94
9227466
63247583
63563797
29
53133
9227499
1042
3034461059
5
7778742083
2178330
125574
110
1836311903
4807526981
1350450
20365017839
166094370
28670
24354235
39094934
7778746230
5713833
75402
317816
2585
1836329614
433494670
14937117
76
1364
22
18454930
7793672401
165580374
432
377
35
14930365
1134903170
14930357
63245991
1346303
2972047113
225075
5703874
25504086
1350450
63246130
2179906
63263697
7778748814
20374238539
7784444936
1134931827
39088258
63246075
4807533741
12649515011
20404099243
1346282
701408741
102334156
9545276
2178343
1605
496740423
17714
24168763
14930360
836221
631
1836386928
20365011076
24159414
63245988
2971215076
63245989
610
196419
20365011451
2976917960
9227468
377
20365012061
97
439197324
39
20365011095
3524580
121401
102362812
28678
17713
516813
46370
1134903170
75028
433505383
702240773
267914298
24989857
307002465
1347866
2178542
1842014790
20467345229
2971411491
9227554
7780920358
12586269635
702755002
4325
165897952
63274643
514606
328757
1836318668
433501202
2253334
63245988
268428525
701408735
12586315393
90
1839836481
7778817074
1346646
78176338
2178310
2673
2971215683
433494670
39092350
12586269258
268746336
6768
2589
1836311903
2178330
433540805
833637
4807526989
2178453
6643838879
1346271
39088258
1467662
2971216060
267
2179906
1134903314
1134903225
2971216060
63367379
514230
1363980
102335142
701408966
102334163
12586269635
63246973
1836312136
6766
102334155
103166195
9615053952
1599
24157961
196795
1134907351
12649515011
2592
12586269635
7778742051
110
9238411
11035
20365022020
39088190
433615830
47355
267916880
701408734
1137081479
267932007
1135099588
20365011074
12586269030
24989857
24157820
123977
1237237325
1842014790
121395
165581128
7881196
4909861131
35
39092350
9227478
10967
1346646
28712
2178310
7778742052
1135024563
3526175
63247583
85971
433615830
46402
32951280099
2618
7778742138
1000
514237
2597
270092605
2584
318188
433615830
2971216060
514242
4807723394
46745
4
3404709510
832095
242786
11035
6766
5703497
63292354
28665
832048
1149851
514606
5704484
1346277
378
105858733
267914385
4807527353
267915893
1836312513
25172538050
75028
2971215086
46370
7778742426
1135735210
24204185
15051745
20428257060
27682395
5703264
1836311937
2586
385
5702888
1346272
11001
1836826132
14931949
2971219254
60
11179
1149851
3
24157818
1839836481
9228075
644
132339
20379941426
225075
79206
1374926
102334176
20389168891
18088
7778788417
1134903191
6217116
14937117
4202
200599
14930357
12588447334
1346879
102409180
29860704
20365525303
24354235
24989857
433494437
39602398
63246219
12649515011
7784444936
4181
1836329614
3526175
87403803
4182
37
514231
12586297682
432
13530
1135099588
2178311
1135024563
2971215683
4973107117
2605
63292354
4909861131
267
432
2178398
1134907351
121448
199
7793672401
14930441
515216
1135220981
29
1836312513
12586269635
277141761
6767
63563797
268746336
20374238539
102651966
20365013658
433495047
1836311911
1845539368
10951
1346269
6
9227698
10949
165580196
60
2971215078
433569462
102651966
4807648369
1899557889
28658
433495424
178
3194
197028
89
7778742104
8480150782
20467345229
1836433296
832074
20365132467
12586275790
12586390418
1347866
39603
836221
2972561342
2971215450
46381
17108661
144
242786
433496034
1618
81790
9227465
1134903191
878408
9227486
47
317813
1346271
44791056
1652
11090
1346274
1135417399
204668310
12586269169
196419
4807527353
20365013658
1836340560
5168
9227478
10959
1837658172
4807723394
9615053952
7778742193
1134903204
4807573344
102334210
520994
2980442538
20467345229
3524633
631
20404099243
121396
321992
20365525303
433494439
398
10
46402
10059505
4807573344
7944322190
9230049
30254
27682395
12595496490
701408746
11001
18454930
433615830
1836311906
12601199377
90
4808041205
92736
4973107117
28143753123
9227554
12586269026
76
3645971
9227473
36
39088172
514232
65424295
3524955
10059505
701408746
79206
1618
102334158
842986
7778742070
20365011095
24158194
953433
14930355
14930360
2971215074
267916880
102380523
4414
165580374
1134949538
1836311916
4807526977
7881076204
7779256278
39134537
2971336466
3524722
17800
515826
1836322849
3524578
1652
5075441272
44791056
1836312136
433494450
111561620
178
26336126
832061
166094370
17393796001
4807602001
24157872
1836340560
11556
288
2178314
434008666
432
699
102335142
77609
6
60
2178322
28662
433494442
7778742083
4807648369
1149833522
599074578
196418
87403803
267914301
20633239
24161998
1021
102338336
39284587
3524586
9227466
63246363
17714
29267
207364
267915283
20367189383
24175528
11405774
2185074
701922962
7
515216
15051745
167761
122003
165655166
14934533
12610426842
7049156
1347256
63246130
1346303
319408
63246130
46423
514231
1836311937
1134903403
24204185
102334299
4189
5241021413
433494526
710647
117264507
165580146
267914298
2971532884
514231
878408
2592
9245176
14948063
225075
236
4807527120
121406
1467662
165597852
14930407
203183
385
2971215074
37
1836312513
4807648369
21
14948063
1000
64592255
102334388
2586
7778742083
4807544687
75169
433512148
4807544687
433494458
4807526979
14931949
1631
39088258
19308
832053
6643838879
268232107
14930962
1838490212
1346277
317812
8
849751
1364
24157820
20365015255
2971215217
8480150782
167758450
20389168891
803742888
1605
6854
165584322
39088177
267
6768
147
18454930
14422580928
701483758
39088313
63263697
1618
12610426842
165580141
15557484098
12591971912
20365011108
7780920358
707111620
267932007
2971215086
3525188
63245986
14930357
21066419807
102530573
635622
196439
58
7780088318
1836358271
307002465
516813
242786
12688603180
20365022020
2995372890
4807723394
271443
14930585
2207
92736
318798
267932007
3136795214
832053
433494437
63321011
39088171
1836340560
1136249439
94
121427
17108661
3645971
12587101065
2971219254
12586297682
1134903403
20367189383
4807844787
701726544
1346646
20365011079
12591971912
1845539368
36
13530
615
26336126
842986
20428257060
2971215306
149
613
29034
20365011307
701483758
110
122003
20365017839
832074
1836312280
42
14930357
317816
24157817
20365017839
63246041
6765
433540805
103680424
2971215683
516813
2692538
7778742057
102336739
1837143943
198015
15005377
75028
433494492
1076
50549
843
46978
12586269025
2971532884
4831684793
3842389
196431
2185074
2986145425
267932007
2253334
2185074
20365843114
377
20365011074
28670
267916880
5704484
2207
3528759
2537720636
165580149
2971216670
23336226147
1836312513
14931339
380
7778742049
2973393382
411
514839
1364
204668310
267914301
516813
9349
1135735210
72473451
3524633
4807527586
267914299
16
14930386
63246363
14930354
20365015255
318798
3239129369
29
14976720
4
39116826
8913645219
2972561342
2972561342
1875400072
282844648
1346282
39099115
4808359016
2178309
207364
12586275790
433494492
75025
5702942
9227466
20295
1836386928
56
7817830218
5703031
20365011163
5709652
5508935709
866988874
2178398
20365057442
2178309
2971215683
318421
16276621
102334158
9227465
514606
76
196452
3553235
2185074
4807527353
1402817466
15051745
32838
39089156
20467345229
3524580
28657
2971216060
4270
703587042
987
46368
32951280099
1842014790
2178398
267914440
7752
1350450
4807526984
63760215
9348858
7779059860
200599
196651
1392637
47
707111620
126491972
1836318668
267914301
7841988035
24161998
3524633
520994
68
196452
317824
63367379
165580146
2971215094
46601
4807573344
1836313500
4186
560597
15557484098
11035
14930729
832040
28658
1134903191
514242
1664080
599074578
3524581
7779059860
39602398
20367189383
28659
1346277
2178398
618
20365525303
1138427748
433494445
9741694
472582606
268232107
433494581
24232842
165580142
324576
165701534
7142
1542687
9234230
833027
9227473
28657
7780920358
165701534
832074
7778742051
267925242
701408822
3535524
121396
102334158
64079
623
1836312136
7778742054
2728
165591087
9545276
12586275790
2971532884
346468
12586286736
149
121414
317955
7817830218
4973107117
2189255
1860469720
20365843114
12586269026
7778742282
433494471
37
1346270
514284
20365011129
24476
20367189383
1836312890
12688603180
6778
180510493
10749957122
317819
268110714
1198149156
8
434840706
433523094
644
988
7778752995
104512464
196431
39134537
6766
439204
102334189
599074578
46376
268035689
63245999
9238411
75027
178
13019763462
1838490212
28691
434840706
14
12649515011
123
6799
20370713961
2104226199
39088203
20365011087
196473
1836826132
102334388
7778742138
987
849751
2587
1836826132
102345101
335522
4807573344
701408738
1836311916
110
1135417399
39088203
7778770706
58
514242
2178343
39105880
7778742050
7780088318
46423
4807555633
267932007
28678
75033
166094370
267914298
1839836481
1346324
14976720
9245176
4807526997
5703497
4807573344
102345101
14930373
4182
4807526977
4558
225075
102
9302490
1346879
14930585
1347866
3672623806
102334765
1134903171
10749957122
214129
5702895
8
57
152
2971215683
1392637
267942953
3542289
11
832184
1134903178
2980442538
433494581
20365011087
1135099588
1836312280
2973393382
10959
20365022020
63256932
5702900
75402
560597
6786
50549
282844648
23
28662
3570946
12591971912
165580162
63245987
24204185
2961
29034
701408788
4807537922
15126770
12586269114
3524599
63246007
346468
46370
457652254
1598
24157851
207364
12586269114
35422
4807527586
1134903259
165584322
3525565
196651
3570946
14930373
3524591
9230049
121396
707111620
273617183
364179
4807527065
1134903780
20798505511
7778742193
102334156
433494814
4807723394
39088402
20365011163
12588447334
701408741
75028
50549
9227499
39088224
433812248
1134903204
20367189383
200599
4183
23
9245176
701726544
46512
7778742138
992
1134903259
20365132467
64592255
433494440
267916880
102455548
433494439
180510493
9227473
1836311905
439197324
433494437
75046
7778742104
267918477
75635
267914299
5508935709
433690855
165582725
514263
803742888
7778742062
165580143
9228075
63248570
102334157
4356618
1346271
4807529560
4807723394
6786
165581128
2976917960
317832
102334244
165597852
4183
90
1346272
1021
20365011684
147
331160282
10573734
1845539368
72473451
8046656345
1134903259
1076
63245989
102409180
14976720
28678
4807602001
3524583
267914906
46373
22201322977
515826
317811
992
472582606
12586269033
9227473
12586269046
4
411
2728
9227468
103166195
167758450
4807527353
13
8362
1346646
1136249439
39134537
5702895
3524811
20365057442
75027
385
317813
65424295
66770564
1836311924
1131
4807527353
196452
433494442
165584322
1346324
75025
102334158
102336739
18088
17745
6217116
1346502
21892
72473451
102334157
102338336
324576
1836311937
7142
92
4215
8046656345
14930373
12586465443
22201322977
5703497
969323029
39088258
20366357343
47965
317955
147
4807648369
267914440
5702887
24158194
7779059860
24157818
7778742138
24157822
457652254
2597
2971215128
2971215683
24
92
514229
8913645219
24157838
267914330
525175
121414
1076
2961
146
28890
15248163
4909861131
3524586
1836311916
12586270622
2961
7778742051
24989857
18088
1138427748
832273
2976917960
433690855
6217116
3599603
2971532884
1421294
24
102334299
18321
46423
102409180
8480150782
3073549228
165626509
292072113
24
273617183
75025
4807529560
165
7944322190
2299702
24157822
2178309
3404709510
7778817074
1836311916
2971215075
2299702
20365011077
1741
1836311903
7778742104
277141761
14422580928
20365012671
9
121393
267914529
39088313
8480150782
9238411
7778742138
613
7778759760
47355
1134903171
1652
12610426842
832650
1851242255
9234230
318798
267914317
29860704
197405
39603
433494492
457652254
102362812
39088172
1836311916
3034461059
18454930
167761
7881196
102334244
4807527065
1363980
24475628
6820
63248570
10967
121398
196795
102334189
5702895
514839
12586269026
10967
46369
2592
433505383
2971243730
7049156
385
12586269059
707111620
14931339
12610426842
1134903178
1836311958
3524580
20365011076
267914297
7778742659
3527162
12586269046
457652254
85971
39088313
1149833522
254
1860469720
1134914116
1836311908
2971215075
14930729
1134920881
4807533741
39088169
2971336466
5702889
17719
7778742104
832045
5777912
267916880
1836312047
63246973
241
60
514839
9273833
7778752995
6778
2639
1421294
2178398
10573734
2971215075
4807527065
20365525303
7
4807527586
860697
317814
24
1374926
24989857
147
63246075
7780920358
320395
4807526997
12625357194
267914317
7778938467
1134905754
7778742659
833637
39088172
63245988
149
28660
433495047
12610426842
7778938467
12751849166
267918477
102340920
5075441272
39099115
331160282
22201322977
1137081479
10951
24158427
4325
6768
39134537
5703120
442721902
7778748814
12586269025
7778742062
2224677
322
1467662
7778744633
318421
1836433296
7778742062
9227486
268110714
2971226019
2589
20367189383
832184
4807526981
9227478
433501202
2180893
860697
14930352
1076
104512464
4807529560
2971216060
6643838879
11090
2207
4807537922
102334157
165582725
102334176
102334163
9227609
701408754
4831684793
457652254
832048
321992
10
63246596
14930729
5720598
20365011095
4807527586
969323029
24157820
110
433494439
14930353
3524583
5703120
17800
39088224
2178398
3720996
165581128
165580149
39134537
9231646
10946
433494458
838805
1134909935
24186474
6020698
317816
39089766
433494450
17713
10573734
433494437
2974739651
3525188
14930365
9227470
4973107117
433494437
3672623806
1542687
860697
24157817
6767
233
7778938467
165580141
1346290
75028
63245989
24476
433494437
24672046
3542289
969323029
860697
24157820
165584322
439204
7778742659
2972561342
7049156
144
102334299
20365012061
75030
5720598
335522
1938646058
433495424
701726544
2196020
19308
39163194
3720996
1134903780
3525565
3524955
13
5702900
4807527586
7778743646
4807526978
1860469720
64078026
514263
11405774
267914385
3239129369
3524586
1353034
32951280099
12586269028
7778742426
1600
433494439
64078026
20365525303
28712
20365017839
42612747
267914301
196421
46368
1134914116
1134903314
108037042
29
12586390418
2178542
3524599
91
102335142
4270
110
834624
3553235
39088546
3525188
7793672401
7142
832040
267914906
1836311904
1134903204
196562
2972561342
1899557889
434840706
178
26
832048
324576
701410330
15127
20365011163
29644
12649515011
317816
317813
39088402
433494439
1134903780
514234
1392637
6786
121770
4807527963
267
2986145425
2224677
10980
4973107117
1568397607
75028
12586270622
832043
14930355
4809705285
132339
995
4807527209
514231
2971216060
701408767
75028
3524579
1839836481
47
5702895
9227520
39088402
4270
989
832184
5707068
24159414
39088402
1836311924
24159414
5702921
17724
1135024563
123
2179906
12586297682
75033
12586465443
72473451
2178919
56
122380
610
1134909935
11933
7778742050
10749957122
22
79206
2178343
46389
2971221838
4182
125574
7778770706
1134920881
64079
196473
63246007
5731544
331160282
321992
46457
442721902
433496034
20365011451
46381
2269806340
28658
4973107117
39088177
17800
25172538050
433494670
10946
5702892
4807537922
7778742104
63245987
4807526976
24232842
514373
1618
81790
12586270012
1598
273617183
39088779
9227520
701408767
11
317814
2178686
4807526976
9234230
207364
433496034
147
85971
702755002
10967
165
20365011095
331160282
76622
433494526
4807527963
433498618
3524955
10954
78176338
12586286736
19308
39088402
102340920
102848384
6766
832273
2589
701415498
317845
6
1837658172
990
317813
3524591
10059505
433494445
12586783254
12589793603
24157822
242786
10949
317813
13019763462
271438874
2178542
434840706
1610
2179296
204668310
12586269027
701408734
39209562
4807844787
838805
28801
39088169
24186474
725566550
13
2185074
28665
1300483311
4807544687
7944322190
20365011684
2537720636
267925242
1842014790
701408735
25172538050
20365525303
3553235
20632925370
198015
24157830
2971290098
24157817
20365011082
321992
103166195
716339085
7881196
2728
1837143943
322
102334210
24186474
516813
267914296
11001
1131
4414
15
1135735210
141422324
1357215
63246041
392836
267914906
1134903175
6786
72473451
434008666
2971215075
20467345229
317824
4807526977
4822457328
146
1134907351
3542289
102334388
267914298
92736
20295
6766
398
832650
165591087
6766
514232
4807527586
2728
24186474
39284587
701408966
832095
5713833
1836312136
4270
4807527120
433494471
379
2178322
20379941426
57
121448
20632925370
701408788
3531343
24157906
623
28662
58
442721902
4870772962
3599603
55
20389168891
5703264
2971215073
320395
615
12586275790
3194
267914330
2178398
2589
24168763
14941298
60
18454930
1836358271
20365011077
9231646
39089156
1860469720
5508935709
12625357194
12586269059
271443
6909
7779574089
7787969514
7778770706
3842389
2971215162
47355
319408
1028458
514230
102345101
102334156
5168
1836312136
165580196
11556
701419679
53133
2178309
277141761
6773
514230
701408746
1542687
615
317955
434326477
433494438
63246020
838805
701409343
78176338
9227470
196651
4807527031
102530573
267914385
1135099588
701408754
55
75402
4356618
2971215073
433512148
196431
123977
241
4807529560
832041
85971
832184
165580374
39116826
4807527586
1392637
68948873
832048
1134909935
701408767
20365013658
834624
24157830
10573734
24161998
3842389
1346324
102340920
1836311937
2374727
5703120
1134903780
3524955
28890
703587042
20632925370
5702888
21066419807
701922962
20365011095
17944
24157830
2971215076
2980442538
623
5075441272
9245176
1631
2971215075
53133
105858733
102345101
1836311904
267914440
433497021
701408734
328757
1421294
14930729
2976917960
63252751
307002465
12854183321
1346358
5704484
701408735
2971261441
6998
832061
11323
63248570
514230
1836629714
4807527031
833027
319408
7778863442
435672746
433494440
271438874
701411317
14930407
12601199377
30254
15005377
9228075
11323
36
2971232784
1346413
2971215081
15762392
12688603180
2971215128
2995372890
20633239
234
150050
5703264
6909
832061
317845
1134907351
20365011082
907065
165580230
5707068
4809705285
39209562
17712
9227554
2971215217
701437390
12586269169
2178330
516813
2207
4807555633
7778742070
701412914
1402817466
165580143
35422
1134903178
66770564
2971215683
496740423
75080
24157820
41266478
3524586
75059
39405980
196431
44791056
17800
4909861131
4184
63250167
1134903403
1042
3524722
3010349
320395
5705471
560597
10749957122
39163194
12586269046
14930407
87403803
7
990
20365525303
12649515011
832650
11090
1605
9227470
10967
1134903225
12688603180
12854183321
20365039731
63246363
47965
22201322977
92736
267914673
11556
644
102334299
24160401
433615830
665
9238411
2971216670
11001
514606
1346269
9227520
317900
196473
20365017839
4870847
9229062
17745
1836311906
238
7881196
12586269114
1836358271
22201322977
1600
832043
1836322849
2001892044
1346303
1346270
20365086099
196423
12595496490
433569462
3524722
9227842
4807555633
2961
701415498
12688603180
12589793603
1600
196426
4270
14931339
832184
849751
4807526997
165580374
995
2971215081
24186474
197028
15248163
9227486
9302490
63256932
90
46601
196431
12586270012
121427
4807528573
995
267915893
39088779
12586275790
63245994
433523094
24186474
128158
725566550
2974739651
514462
5075441272
75114
102848384
66770564
40434438
7778744633
121626
24204185
12854183321
7778863442
39105880
7778742282
102345101
47
9349
267914330
4813229863
23336226147
24157851
12586315393
7778742138
514250
4183
46512
1134920881
102651966
17711
21066419807
102380523
9245176
2971216060
2971215162
4807527031
610
268746336
12586269046
1599
9228452
701922962
24157830
1144130635
13721172195
1134903171
63367379
267916880
1134949538
12586269258
6778
46376
12625357194
1610
75033
1346303
514237
17716
39088203
832043
701411317
39088170
39105880
1363980
20365011108
5709652
2104226199
54018521
1830
12854183321
589254
1134903172
22
878408
121414
1346502
102409180
32838
4807527209
14932936
7778742659
989
46512
1652
165580144
1021
39116826
7778742083
4807527353
126491972
2178364
24158804
2971219254
146
3524578
10573734
196418
707111620
1836312136
12586286736
514234
102334210
2178398
29860704
1131
1610
12586297682
14976720
12586586836
1346269
9230049
267921061
2179296
24158427
204668310
1134903259
434840706
7778743646
3553235
832048
2971215128
92736
20295
46423
4356618
6799
149
346468
2971215450
39284587
178
269260565
39088182
433494445
165580751
1136249439
1836318668
63246041
4270
126491972
189737958
14930355
1837658172
1134903191
2178314
20365011163
15126770
12586271609
6998
2961
204668310
14930365
267932007
7778742282
1842014790
12586271609
3524667
7784444936
282844648
199
4807648369
103680424
28143753123
204668310
12586269030
3524667
39920209
268035689
12588447334
20379941426
7778748814
76622
6768
1836826132
1836311958
10573734
392836
10948
2178919
7778742083
2972561342
2178309
165626509
200599
103166195
14930355
3527162
46371
34
17745
174807606
1346272
4807527963
433494437
995
50549
46368
2585
5705471
121398
7778746230
25504086
4909861131
14422580928
321992
520994
8480150782
76622
1741
12587101065
710636198
165580144
24672046
4808873245
3535524
4807533741
433494526
2587
433569462
39088174
10749957122
324576
1851242255
1134903172
12586269258
1347866
1346324
434326477
63246130
1686
1347866
22
514284
102334160
4822457328
1363980
13530
14930496
433494439
41266478
2189255
514606
39163194
4807529560
3528759
102335752
2971215217
992
267915893
12586273206
433494814
39209562
9349
5702900
17719
4809705285
832061
2971219254
267914385
4270
1028458
174807606
433494526
1134920881
7778748814
2974739651
64078026
4325
20365086099
4270
1836312047
121414
12586269080
611
3
145
701426444
701409110
701408966
1140606057
1173991339
9227609
24157961
267
4831684793
9227499
5
1836312280
382
2971215086
2971261441
32951280099
28662
20365011129
165580154
20389168891
1347256
167758450
4807529560
433569462
439204
7778742282
4870847
7778742659
515826
701922962
398
3645971
1346324
14959009
78176338
28662
39602398
7778743646
105858733
878408
1836386928
17108661
4414
65424295
589254
4807844787
12586269080
9227609
1836629714
439204
9234230
110
2971226019
39284587
833027
196419
4807555633
24157820
4807527010
10980
3535524
1836314487
12586269028
9229062
701408767
535828592
4791
5704484
15762392
28746
121401
165580230
3010303242
26
542886
433494445
14976720
39088546
3525565
5702892
12543
75028
24157961
121770
433494440
102334244
11933
63247583
268746336
832273
14934533
1974
514232
17714
97
514263
7778742062
269260565
268746336
17745
833637
514284
701411317
1836508321
832061
22201322977
121398
39088779
307002465
199
10749957122
322
5703497
4807527031
1134903171
4807527031
514232
7778742282
17724
46381
9348858
1421294
24158427
4807573344
7779059860
147
3842389
12586269059
1836314487
268035689
12595496490
21499914244
1346270
318188
1363980
236
102848384
24354235
20365525303
4106118243
5702942
178
5749255
228826127
842986
701408877
1134903547
267914440
12587101065
10749957122
20365011451
3010303242
180510493
197405
701408735
28746
46601
2537720636
1836311905
6778
4807573344
14930353
121395
242786
12586269046
9227554
4807526997
3524633
102
7778742050
11933
63245991
20530591215
24157819
392836
2597
102334176
764654719
317832
1836311905
8362
89
28801
364179
4807528573
11933
12586269635
434008666
516813
2178398
169104719
39088172
1346269
442721902
6766
7793672401
20367189383
102362812
320395
1173991339
599074578
12752043
102334765
12586286736
2207
10059505
7375
75046
9227609
63
4808873245
165776559
8046656345
989
39088172
39088171
1134907351
3524583
2971221838
2971219254
2971215128
7802899866
9227478
4807526997
28801
11323
1836311958
20365011095
1134903183
1836312047
2196020
4038807
1134905754
7778742050
75038
17711
5749255
12586273206
40434438
17745
832061
832095
12586269114
701408734
26336126
2207
24157906
12586271609
12586269026
235
740496902
28659
9423883
7778742104
102362812
1134903225
346468
1860469720
4807527586
9227470
21066419807
5702887
4811051554
152
9238411
432
4807648369
165581128
11001
63246219
3524581
5702942
514229
196651
836221
144
20530591215
288
28658
12586269026
514284
14930352
849751
1836433296
75026
1836313500
379
75030
4807528573
5824280
433497021
2587
17713
267925242
3527162
520994
1836340560
1346303
701412914
39088313
121393
1346282
4807527010
63274643
2971215075
139104
24157819
1134949538
102338336
46423
12586269046
701408754
63245989
988
20365207492
63367379
102334210
4808041205
246
165582725
514231
1346358
228826127
1135735210
1346358
514232
3720996
102380523
439197324
20365011451
81790
7778742070
102455548
271443
12586269169
63563797
1134920881
9227478
1350450
1144130635
665
7802899866
9256122
63252751
63246130
2537720636
75028
21066419807
3570946
1135735210
2974739651
860697
1159060987
50549
6643838879
39134537
518410
53133
21499914244
273617183
165580146
701408738
3525188
121626
1631
433494814
28662
3524955
433494437
75046
4807527031
64592255
317816
701922962
75635
20368535652
196420
7778742062
1134903170
466
701408754
165580162
1134904157
5703874
644
102651966
433494814
1134903314
2971219254
17714
433494438
2180893
4325
102651966
3524583
832417
3524579
167758450
15248163
46457
1392637
4807526976
15557484098
1605
1837143943
433569462
7778742062
20365011095
2178686
515826
14934533
63245989
63563797
6534927
7944322190
197405
63442404
860697
439197324
3526175
267914385
432
28712
26336126
39088177
189737958
3570946
1605
63246973
335522
5702900
85971
1028458
165581738
165580162
46368
2178311
1357215
196421
9227698
2597
12649515011
716339085
701410330
28801
1348853
3524579
55
167758450
66770564
9423883
20365086099
9256122
24157819
165591087
4973107117
7944322190
514839
24475628
3526175
433540805
2973393382
10967
102345101
1836826132
4807533741
1159060987
1421294
2178453
11323
2178314
3524586
1134931827
2971215086
434326477
3531343
5704484
63245989
167761
63442404
833637
28662
1836311903
740496902
385
42
2986145425
7780920358
15005377
599074578
514231
1134949538
439204
2178542
707111620
63274643
3524599
5702892
267914440
39405980
1618
832061
28659
754
64078026
196423
102362812
58
433494442
28662
20798505511
39209562
2374727
14930441
3524591
1836311916
46369
2189255
20367189383
2971215094
1851242255
1028458
2971215683
75026
433812248
703587042
448424789
7779059860
435672746
39094934
167758450
1631
701530126
102530573
268232107
198015
1135099588
1346324
1134904157
9234230
4236
152
5702892
1346282
102334163
9238411
14930962
9227499
701408754
20389168891
14422580928
20365057442
321992
10980
1134909935
20365011079
370248451
701415498
63246130
613
27682395
1137081479
701408966
2178919
411
165655166
3599603
377
5749255
3524591
40434438
167758450
50549
12586269026
515216
433494440
3524811
267942953
12586270622
9349
24157820
24168763
10967
57
24354235
102334168
2971215450
167758450
4807844787
24175528
4808041205
39284587
2269806340
1134903178
196431
282844648
2597
39088182
102345101
267914309
104512464
12586269028
2971336466
1220
20389168891
20365022020
4807526978
196439
1346502
267914330
17108661
165608798
267932007
9423883
1134903259
165580285
542886
834624
21066419807
3842389
514839
20798505511
514231
16276621
10980
1363980
91
20365086099
4807573344
75033
4808873245
3
3524591
10749957122
29034
75080
39088402
2178309
701922962
39089766
1602
701408746
5075441272
149
1837143943
152
4183
6768
14
24354235
370248451
267921061
2971215074
28660
63246596
754
24157851
102334244
42612747
992
75025
514318
1134903175
267914440
12591971912
121414
2001892044
166926410
102334244
18
20365132467
1134903259
11090
28801
42612747
2104226199
68
379
1938646058
9230049
75030
433495047
63245988
317814
92
121770
5702890
435672746
24159414
1220
4791
12601199377
6778
514263
2597
166926410
10954
9231646
9229062
11
4807531157
6765
433615830
9227466
2971216060
64079
1836312890
514237
2971215076
103682
14422580928
518410
635622
20404099243
2253334
20365011218
14
11323
514373
39088402
701408767
11090
20365057442
14930729
1568397607
515216
196473
953433
171283028
146
7778863442
432
24232842
5942430146
75026
860697
4182
64078026
860697
4807527963
699
754
2971215081
165580196
2817
39088224
701408767
699
267914385
270092605
75258
47
3524579
9227465
30254
3720996
68948873
12586390418
102334155
165608798
24157820
267
152
1198149156
46601
1363980
514606
72473451
39090753
5703497
63246020
701408741
4807527031
3524811
105858733
4807648369
3524586
267921061
75027
64592255
4909861131
12587101065
20467345229
832045
701408746
1597
228826127
9234230
364179
832129
14930729
6
75033
4807723394
1144130635
8212236486
20365057442
433494450
525175
65424295
4822457328
11090
9423883
28890
832040
1421294
318798
611
7778744633
39088177
9423883
1364
102335142
17108661
39088546
39134537
701455101
20295
121394
2971216670
9227499
2971216670
6765
102334158
63367379
3570946
318188
5075441272
121414
2971216060
707111620
7780088318
199
1842014790
7778817074
24158194
117264507
615
17393796001
9227465
12586269080
165580141
271443
8
1836312890
1237237325
10
63246007
3194
10948
1134978195
2974739651
14930962
2972561342
15005377
2971215075
701408735
7375
24157872
20370713961
125574
704933311
832074
267914385
9227468
39089156
11001
46368
20365011218
121406
860697
39405980
10949
37
121537
1346270
76622
1836311904
1008
63274643
24204185
94
75046
63250167
20365011095
20365011307
39088224
832061
102380523
2196020
3525188
121401
16
1137081479
20365022020
321992
66770564
267960664
104512464
165608798
4183
472582606
46512
2178309
180510493
1836311911
1836329614
832041
63442404
20365028785
35
514606
121482
3239129369
7778742051
121414
320395
9615053952
24989857
623
123
701408767
268110714
1974
39088224
599074578
969323029
9238411
4807527120
24475628
4807573344
12586275790
3194
102335142
2178311
7778938467
102345101
1346272
63247583
267915893
1686
5241021413
754
3
4189
4807526976
63321011
75030
63246219
9423883
377
102
7778938467
65424295
29644
14930357
612
267914673
97
28662
199002
196439
1364
63321011
2971336466
1374926
7778742054
28662
46368
7049156
701408754
24157818
28890
267914298
234
1220
12586275790
234
20365057442
1600
102455548
21066419807
267914385
14930962
20365015255
4215
1159060987
2178312
317813
2817
63247583
196418
987
273617183
20633239
433494458
20365011108
123977
1837143943
2178686
15444581
19308
64592255
1134909935
28657
380
7752
268232107
121394
75026
10947
515826
433512148
560597
12586286736
35422
10948
433523094
2178364
17716
2253334
12586269169
1836311908
204668310
515216
46381
7778863442
9228452
514230
5703264
20365011163
117264507
2589
7778744633
589254
18321
328757
20365017839
1346502
17714
3542289
21066419807
1851242255
318044
7778742426
514250
165580285
1836329614
20365022020
102334176
48315634
701408822
39116826
1134903170
346468
1837658172
292072113
24157838
267914296
12543
10947
267914296
35422
39920209
535828592
233
2178317
12589793603
102334532
7778742052
267914296
4414
2253334
2974739651
318044
102848384
710647
7778742050
20365328885
102334299
1134903780
836221
63247583
29034
7778742659
126491972
174807606
2673
63246007
20365011074
267914906
126491972
1135099588
7841988035
618
4807723394
318188
1837658172
1220
4558
433496034
1134904767
3542289
514230
20632925370
832061
20365843114
3010303242
121394
3
4807527353
39089766
1237237325
433812248
35422
433494438
9227698
12586297682
39088546
267914440
1144130635
324576
39089156
1836312280
169104719
63245987
12586275790
9229062
398
236
8
7778742051
4182
849751
701411317
11179
12586269169
433496034
57
267932007
20428257060
165580162
24158194
515826
199
6799
267925242
702755002
2986145425
2374727
20370713961
90
514237
7778742050
701410330
46423
2618
1741
102380523
1741
76622
1837143943
390
196562
7780920358
20365086099
18698
4106118243
20365011074
4807555633
13287677758
10951
169104719
47
20365011108
20365011218
995
832074
75033
11035
701408788
466
228826127
267960664
3524579
701415498
271438874
12586269030
4807573344
702755002
12586269026
41266478
699
7778788417
364179
63246219
701455101
4816754441
433494439
29267
165580154
5713833
1347866
1131
12591971912
7778743646
29860704
2104226199
24232842
20365011163
9230049
9238411
7778752995
6854
46369
17713
12586270622
346468
196651
5778
123977
2178317
433497021
20365086099
228826127
665
516813
9
1134903171
1392637
14931339
15005377
514462
3524579
24157817
46371
20374238539
75028
24354235
1836311904
466
39088170
988
39603
702755002
3525188
15127
1568397607
196423
35
28658
288
379
433540805
5703497
47
147
18698
9229062
433505383
20365039731
12586269025
292072113
1618
57
28657
9273833
152
514242
102380523
1008
20365011079
1134903171
2185074
12625357194
20365086099
15762392
102334168
91
2269806340
6820
9227499
5702887
46978
121406
2673
29644
9245176
20365011451
63292354
32838
24157817
3010303242
17732
241
531940
267914385
200599
701426444
701419679
969323029
1836433296
20365012061
1135417399
589254
701408741
832045
268232107
370248451
24204185
28658
7778748814
702240773
20365011108
268035689
63246219
1134903173
28659
12586390418
4909861131
2584
9229062
39284587
317832
46402
3010349
5702892
321992
433495047
2299702
5508935709
7793672401
197405
47965
39088182
842986
7944322190
2971243730
9227609
5709652
1134903403
234
165584322
102334156
121394
515216
20365011095
5702890
121401
1134903173
18321
433512148
701419679
1140606057
437019015
1467662
20365015255
104512464
17108661
5702888
2224677
3073549228
518410
7793672401
7778748814
866988874
6770
20295
2253334
1467662
2178309
102409180
267
12649515011
63246219
165
7778770706
165580154
321992
435672746
10947
3542289
2178686
11090
165580142
11556
385
707111620
1836318668
39209562
46369
2585
1860469720
20365207492
439197324
32951280099
7
46368
103166195
701408877
433512148
14948063
2207
46457
10954
9231646
12586269030
9228452
834624
5777912
39603
165580196
11001
701408738
39088169
63256932
13
1836311904
1134903170
12610426842
5704484
121395
433494458
4808873245
5942430146
9230049
4807533741
165
20404099243
14976720
166926410
2971221838
24157820
25504086
13
433496034
35
24157818
46601
518410
2178453
535828592
47355
701408738
20365011108
518410
2537720636
4807527353
4808873245
5702908
63246130
710647
57314
2971411491
24
6778
39088258
11
14930373
3535524
8212236486
322
5168
2971215683
28670
2178542
2207
166412181
4194
1042
196420
12610426842
267921061
102336739
105858733
9273833
1198149156
6909
2995372890
12649515011
832053
2728
24186474
843
1836318668
1836322849
85971
2001892044
1134920881
23336226147
1836311906
2971290098
6773
22201322977
317866
165580196
2618
63245989
433540805
7782266627
2971215074
7944322190
214129
878408
63563797
15126770
7780920358
9227554
7881076204
268110714
1173991339
3010303242
2971215217
121395
12586273206
12586269080
24157820
20365525303
5749255
46402
5707068
267942953
3524633
832650
701483758
165586906
42612747
702755002
63246007
20365011108
1134903170
24160401
2971215076
2178398
3010303242
516813
267914906
14930365
11323
4973107117
2178317
1159060987
17713
1000
1542687
12587101065
2971243730
2971216670
411
1842014790
832053
8046656345
39088177
701408736
4183
27682395
102334210
102334388
2178343
63563797
14931949
1137081479
12586783254
832129
56
24157851
20632925370
2971290098
8
14941298
560597
17724
24158427
3531343
8
9229062
11933
2639
2971215107
63256932
866988874
516813
111561620
514232
11323
2971215128
514839
612
11405774
1353034
5702921
39088313
6998
128158
3542289
178
472582606
5824280
701426444
15762392
2971215162
5703874
12586269026
46423
433501202
10
2971221838
56
269260565
17800
611
39209562
7142
7778748814
63246041
5702900
4909861131
132339
9228075
66770564
165580143
271443
102338336
4807844787
1741
7778742426
14930365
64079
2178453
514263
12587101065
1042
196795
267914385
20368535652
1836629714
1076
6998
64592255
4816754441
5899305
23
9227486
102334189
4813229863
995
63256932
2178919
165608798
4189
4181
207364
346468
3073549228
117264507
6770
102334168
20365011218
20365843114
24158194
234
1837658172
1836312513
14931339
20365011684
102848384
9
2971215086
832045
46423
525175
12649515011
725566550
411
14930373
11001
1346272
165
12625357194
4356618
10948
166412181
6820
10947
63442404
2971215217
1198149156
63245991
165584322
2980442538
8913645219
29860704
521
702755002
3034461059
4807527120
22201322977
1392637
165586906
2178919
613
1347256
518410
6909
514263
63292354
25172538050
10959
4807526977
1149851
1836311908
7778742104
433497021
860697
1836629714
246
20365011074
4182
701411317
68
4807526997
13019763462
267914351
28746
196651
238
17732
17712
3526175
7787969514
1392637
433494439
433501202
4181
165897952
1346290
20798505511
7782266627
6217116
3525565
433494526
4811051554
165580230
238
75080
1836433296
3570946
7778742051
631
63246363
2182490
20365057442
4807526981
75028
701409110
4807533741
3524591
3010349
4807527586
2001892044
1542687
121393
992
196452
14930729
833027
9227698
701408741
20365843114
2496120
55
4807526977
1836826132
3524667
3524667
754
2986145425
15127
267914673
3528759
6767
165
14959009
102334163
76
3
4194
60
3570946
77609
12751849166
1134920881
701409720
20365012671
121414
1836311903
14934533
1836312136
123
157
701530126
11001
1135417399
20365011108
5703874
20365011163
1839836481
764654719
12586269258
12586269038
4809705285
10948
2973393382
2971215074
14930352
12586315393
141422324
14931339
11
1134905754
20365011082
2253334
2207
860697
35
12586269114
7784444936
144
42
12854183321
11556
1599
2206966
515216
7841988035
442721902
1028458
1173991339
1028458
28678
47
4181
335522
9348858
9227609
14930407
28660
2374727
318188
5508935709
3525565
832184
39088313
267914351
7778742062
196795
12587615294
1042
4807529560
832045
1664080
20365028785
40434438
46370
21499914244
268746336
9227467
2728
701408754
7778742083
832074
5703874
433494437
701605151
324576
17108661
2971232784
4
1135417399
3571
364179
141422324
39099115
12586269030
20404099243
7881076204
725566550
165655166
75026
13019763462
307002465
5702900
4807527209
9227466
701437390
9227499
5241021413
14930585
2971226019
1134903173
2692538
11
1134903172
832042
9348858
10954
102338336
9545276
9228452
2971243730
24
39088182
2180893
14934533
24157851
102335752
267914317
92736
200599
2971215078
1836311905
46512
9227473
434326477
992
1346269
2971215094
4807555633
4807526976
24158050
24164582
76622
12586783254
105858733
615
7881076204
4215
132339
328757
7778746230
1836311937
531940
20365028785
29
2986145425
14930962
7778742104
102651966
267932007
63274643
28670
28670
75046
39209562
466
4807526989
2971226019
63292354
514462
2971215107
20365011684
6768
992
1618
560597
48315634
3570946
39163194
4791
7841988035
1836311904
3034461059
448424789
39088779
2971232784
317814
39088169
6770
611
75258
102334158
144
282844648
1346502
125574
197405
377
48315634
12854183321
710647
1353034
167758450
701408735
20365525303
9227698
3524583
17724
3571
701419679
75059
267914529
7778752995
20530591215
2178919
20365525303
2971243730
267914673
20633239
277141761
3
76012
4182
9227468
838805
4558
75114
9231646
1836311905
268746336
3528759
321992
102351866
707111620
15762392
2980442538
514462
2605
39088402
9273833
4236
2971215081
1346413
63245989
121626
10980
97
10573734
21066419807
39
9227499
849751
15444581
2673
17712
141422324
20366357343
701408767
225075
75027
12586465443
7778742659
63246363
6766
318798
514373
7779256278
24475628
10
28691
701408741
39920209
10951
4356618
54018521
9227520
63246596
2971729302
514229
1974
7778742104
1938646058
12601199377
9227609
46369
108037042
4791
165580285
13530
121393
514318
13
2971215107
6643838879
324576
12586273206
5702908
4807527031
13530
318798
27682395
47965
1135735210
535828592
102651966
6765
241
3073549228
24672046
4184
4870772962
7778817074
20365011079
5241021413
267915893
20428257060
24157906
7778742049
701408735
1134903780
665
39088172
30254
838805
14930365
1346879
433498618
24158804
9348858
701411317
5702900
12586271609
1134903172
24159414
2971411491
14941298
324576
2179906
267914298
234
4807555633
4822457328
842986
121401
40434438
7778748814
9256122
989
5703120
433496034
1421294
318044
166094370
1836318668
102334299
2971215217
267914529
2971215078
20365011451
10959
1392637
1134904767
7778759760
1135099588
1134903170
1134903204
165580518
14930354
267914298
518410
108037042
267915283
1836313500
514242
433812248
2971729302
433494439
271443
2299702
4270
1300483311
1346274
12752043
5720598
4807533741
4909861131
860697
32838
5702887
63245999
4184
2587
5075441272
165581738
2178919
1144130635
1741
30254
1134903171
380
433512148
17719
9230049
12586269114
12588447334
1134903259
165655166
12586269033
24157830
531940
20365012061
433495047
5241021413
3599603
165580374
2179296
3010303242
37
12586297682
6765
11179
1364
14931949
12586465443
7778742054
701455101
764654719
17714
189737958
167758450
380
165591087
1421294
1402817466
14932936
2269806340
1836826132
121396
39088174
27682395
12586269028
2584
9349
165580285
4807555633
7778742050
520994
392836
2207
273617183
3531343
12649515011
432
1542687
2179906
1131
7778742051
832273
1542687
102334158
5702892
1173991339
317832
15127
2605
267914301
4356618
317900
39089156
102334244
433512148
4846615145
1346303
1134903547
2971226019
31241
20365011451
9227478
1347866
514237
9234230
704933311
3526175
9227698
6
102409180
701408788
6799
12591971912
1159060987
4807537922
4807527120
102336739
1350450
12610426842
165580751
433494438
1134903171
1836311916
42612747
710636198
317832
328757
1364
9227698
701726544
2976917960
63246973
1357215
24168763
3720996
701922962
267
1134903170
836221
599074578
12688603180
4807527065
710647
7778746230
214129
3524583
2971215076
12586270012
13287677758
2178317
1346879
1000
7778742104
102334157
21
1350450
122003
1836386928
4270
24475628
2976917960
9349
102334244
1836340560
472582606
6909
1421294
10573734
665
271438874
24354235
46457
20365011087
12586315393
24161998
764654719
3570946
7778938467
433495424
12586269059
9245176
515216
20365017839
377
1836312280
242786
267925242
701411317
39134537
7778817074
21
9227473
832045
716339085
24157961
4870847
167761
1134909935
24672046
8362
157
988
28657
24158194
4807529560
9227468
1838490212
4846615145
29034
832045
141422324
5702908
11179
317824
196507
2980442538
4807527120
24186474
141422324
6
28746
12586783254
24157825
15248163
6770
199
14932936
514284
29644
832061
3524579
4807527353
50549
1686
24204185
196426
20365011218
6799
7793672401
5508935709
2971221838
2971215217
2995372890
390
235
435672746
707111620
2185074
165580142
20798505511
20365011087
92736
21
46423
39088172
317814
4822457328
1836311992
267914309
12586269169
1836322849
1741
28662
24476
63248570
5702942
7778938467
2971219254
1618
102338336
701408738
20365057442
63367379
1149833522
701408735
1836433296
12586297682
701409110
1131
12625357194
433812248
4186
6998
433494445
14948063
165580285
122990
439197324
1836311906
433523094
267914304
81790
225075
7778742193
4807527963
90
514229
75025
3524667
17108661
390
9227467
7778759760
165580142
39088313
1159060987
12589793603
28659
4807527353
