5000
24232842
196431
9227467
1134903171
1836329614
1134903547
11405774
19308
122003
5731544
63248570
3010303242
1839836481
4807526976
317812
92736
102335142
63442404
5702921
701408733
703587042
28678
121401
17944
63246041
228826127
317900
24476
63250167
9234230
178
860697
9238411
1836311906
701408877
2971215107
97
710647
4809705285
8913645219
39088258
701408966
1134903172
433495047
466
105858733
12586269046
27682395
1346879
2178322
46373
701408741
196439
24159414
433812248
28660
514284
3010303242
11
12586270012
20365525303
1899557889
68
2618
102334210
701483758
39099115
14930962
20365011451
9227499
7778817074
268232107
317832
1836311908
8
108037042
9
7817830218
102334158
5749255
1347256
46381
267921061
102334156
433523094
1028458
317824
7778743646
11405774
7778742052
1836312136
434008666
24158194
317824
63245994
12587615294
5942430146
20365017839
12601199377
1134914116
39603
514606
5720598
328757
14930352
20365328885
3239129369
7049156
1134909935
1134903178
28801
1836311937
63274643
6217116
433494814
121395
1134903314
9230049
4807844787
20367189383
1374926
1346270
166094370
1836311903
2537720636
63245991
27682395
2961
1021
39088172
39088172
472582606
496740423
166094370
754
1467662
2980442538
15005377
63245987
514231
834624
4186
2971215683
435672746
24989857
2224677
20367189383
12586269028
105858733
24157819
1134903175
20365011108
1652
63246219
4807526979
165580196
9228452
63246219
7779574089
128158
701530126
12586269028
268035689
4807526981
145
15557484098
39105880
1131
7779059860
267914317
53133
1346274
75025
267914296
63247583
1135220981
1837658172
4846615145
665
17712
433501202
53133
4807537922
437019015
11179
39088172
267960664
48315634
1346303
102651966
3531343
6768
165580154
6786
803742888
317812
701408788
4807527065
1845539368
46376
29644
1149833522
267914296
39602398
20366357343
307002465
701409720
7142
13530
63245989
103166195
11001
3524581
2692538
17713
2971336466
22201322977
39088182
5749255
39088203
199
46601
1346358
102
267915893
1838490212
7778742050
4356618
3010349
457652254
4807528573
432
1348853
2189255
704933311
1346274
4807533741
41266478
4356618
10949
46512
165581738
63245989
75028
63321011
102334532
6786
18454930
241
10573734
17393796001
4808359016
1346502
20365843114
2971215450
39088182
1974
166094370
7793672401
2971217657
5704484
435672746
75046
225075
24989857
4831684793
267914673
9423883
615
39092350
704933311
63246041
14930353
5702976
277141761
214129
165581128
9227466
121482
149
20374238539
196439
2986145425
12587101065
9227486
72473451
75030
20365011082
4807527031
20632925370
267914299
26336126
128158
63263697
20798505511
10946
1836311911
39088203
701483758
17800
5075441272
307002465
5702892
18088
1836358271
102334157
75258
1134907351
169104719
20633239
5720598
3525188
1134904157
7778746230
66770564
702240773
7778742104
14930355
46368
9227467
842986
4831684793
63246130
803742888
2589
9227842
1363980
14930585
14930360
165597852
16276621
740496902
102334176
102334176
20530591215
267915283
20798505511
2974739651
439197324
267914296
1346502
50549
14937117
165580285
89
267914309
39088169
60
12625357194
235
39284587
20365012671
75402
1346282
121395
2178322
6770
24157830
225075
4822457328
267918477
987
28890
1392637
196439
317816
320395
7778742426
1542687
152
995
238
13019763462
128158
92736
4
9741694
64078026
832417
46381
42
3239129369
63367379
1597
5702888
701408741
20530591215
165580285
318044
701530126
439204
1134903314
1836433296
1836826132
439197324
233
472582606
39284587
22201322977
1836311908
21499914244
433505383
241
5703497
39088174
1610
1899557889
34
7778742282
39163194
46370
228826127
24157838
433505383
4807544687
987
433494814
30254
2971215078
9227465
1851242255
7780920358
12586269059
63292354
3531343
1836311992
267914385
378
165581738
1346303
24354235
2189255
7780920358
514839
4414
7778742062
1134903178
103680424
102334156
7780088318
12586297682
3136795214
515826
9238411
3194
4808041205
1149833522
433615830
317811
4189
28659
1134903170
267914906
7778788417
48315634
21892
7778742051
241
12610426842
7782266627
701455101
2196020
228826127
1631
701437390
1135099588
12586270012
8362
2971221838
236
2001892044
14931949
4183
102334532
63760215
46402
7841988035
267915283
180510493
1134903175
12586297682
990
5942430146
3194
4816754441
214129
740496902
121396
1392637
2995372890
4809705285
990
122380
12586273206
5703497
14930355
1135220981
33385282
20365022020
60
1602
199002
589254
24475628
319408
25504086
171283028
1610
1346277
102334163
267914440
63274643
15248163
196439
7778746230
122003
2584
39603
63563797
12587101065
615
11035
836221
9349
9349
24164582
267921061
4870772962
102409180
433494440
380
102334168
92736
90
2971411491
514263
1138427748
15051745
1138427748
121770
448424789
17712
14930352
7784444936
267932007
1353034
15005377
14930360
2178309
28660
1159060987
699
4807527120
1149851
273617183
710647
3524578
1836433296
3842389
39099115
1134903547
42612747
1159060987
267
20365328885
710647
63245986
2180893
4807527120
20404099243
1346879
2206966
3570946
9227609
36
2178312
433615830
7778742062
165580196
2971215450
3073549228
5709652
324576
8913645219
39405980
47355
832042
7752
832040
46373
5702888
75033
165580142
518410
2178330
6854
1542687
433495424
10967
3524599
433494440
317812
701411317
8212236486
701408966
2980442538
6217116
515826
521
189737958
7778742193
75402
9349
63248570
167758450
1974
5777912
346468
103166195
25172538050
11
267918477
46369
11090
46512
2537720636
46601
4973107117
2971215078
610
11001
7778742052
20365011076
9230049
4414
46423
433523094
63292354
75080
128158
24158050
39088177
1134903191
2971290098
3524581
12586269080
102334210
14931949
5702908
1346270
9423883
4807531157
97
12586269038
14
7793672401
631
24158050
31241
1134903191
2972561342
20365057442
17745
4189
2374727
3645971
20632925370
66770564
122003
1149851
236
20428257060
3136795214
63246219
146
1402817466
2224677
1138427748
24672046
5709652
122380
196651
20365011077
4325
618
12586390418
9227467
14930352
30254
19308
20632925370
39163194
267914317
377
233
1149851
24475628
174807606
2185074
12625357194
4807527065
1836433296
7
64592255
1135220981
20633239
15051745
990
754
2971217657
701408788
4807555633
46601
29644
3531343
20365015255
834624
165580144
701409110
15762392
12586269046
1353034
842986
2178314
267914299
3571
63321011
1836312280
9227609
25504086
12589793603
4038807
9227467
9615053952
214129
3645971
2592
599074578
4038807
13530
166094370
24158194
12752043
46389
12601199377
433494471
3194
121482
39284587
4807527065
17713
8913645219
46512
448424789
29034
3239129369
24157961
2207
196452
4807526979
24157819
434008666
5778
317813
433494458
318188
91
5824280
17716
5702889
1860469720
132339
1137081479
3599603
20365011684
2971215081
75030
1076
1618
24
346468
9228075
12586269635
267914296
1136249439
20365011307
4909861131
599074578
1237237325
13019763462
9227520
102345101
1042
3535524
165586906
10059505
3526175
9227467
321992
10954
346468
9302490
434008666
41266478
15762392
9228075
4831684793
1134903170
14930365
165584322
12586270622
1353034
102651966
2178398
75635
2587
3525188
7778742049
102338336
433494442
11933
20404099243
46368
2178398
3672623806
2180893
65424295
317811
1134903547
2971215074
1836318668
5703120
7778863442
701408754
12586269038
12649515011
14930360
11556
7778742049
4808359016
1421294
13721172195
171283028
122990
987
165580175
288
157
165581128
521
121537
710636198
14959009
2971215073
12586270622
14976720
20365011163
102334160
15248163
7778742138
125574
3571
2971215217
111561620
165580146
267960664
514242
22
4807537922
42
204668310
5704484
14932936
24989857
24186474
178
836221
81790
267914298
3
457652254
91
54018521
55
14930355
204668310
3524580
58
20367189383
24157961
701408736
204668310
317811
11323
6
17713
4236
14930386
20632925370
21066419807
75080
442721902
165580141
241
2971411491
12589793603
63245999
433494670
1875400072
6820
63246075
121394
1605
121482
1875400072
24158427
4807573344
1347256
117264507
20365013658
7
24
2972561342
4846615145
10
701408966
39088258
165897952
267914673
24157961
24157819
907065
1610
1836314487
832273
2589
2971215094
292072113
63245999
37
331160282
102334157
78176338
292072113
1836311916
4807573344
165580518
13287677758
701409110
2971215683
20633239
1346324
701530126
843
63246130
23336226147
1392637
4807529560
9227478
24175528
63248570
1076
1346324
1347256
3524667
5713833
317819
21892
121537
39088224
76
166926410
4807527209
764654719
701408734
1664080
4807531157
4270
832273
4807529560
1134978195
1836329614
6998
46389
437019015
63563797
4215
1135735210
3525188
995
514242
165580142
12586269026
7778744633
196431
9349
1836311916
4807527065
17714
1836433296
1357215
147
2592
12586315393
28746
3528759
3599603
2589
7778742659
152
196473
613
35
433494458
1836312136
30254
267914385
4807526978
1374926
20365843114
81790
832045
2001892044
2971215075
832040
24672046
2971232784
623
6534927
78176338
1938646058
102336739
435672746
12595496490
2961
39602398
2584
267914309
433569462
267914304
1363980
268746336
1134920881
167761
832095
81790
165580374
102334155
2971215075
39088779
433494442
10980
4106118243
171283028
7778788417
46389
92736
60
14930585
7778938467
7784444936
4270
318798
7780088318
5508935709
433494670
2196020
6020698
704933311
12543
78176338
8913645219
18
39088172
10959
123
457652254
18321
1421294
518410
12586783254
1845539368
126491972
432
1131
4807531157
6534927
317819
34
24175528
246
613
434008666
20365017839
1134903175
157
27682395
91
39405980
42612747
92736
102334157
105858733
48952
121398
14948063
7778742659
8
123977
2178343
189737958
102334176
11933
832048
1134907351
22
273617183
20365012061
267925242
27682395
1134909935
102334176
92736
1836329614
514237
48315634
2971215128
24186474
433494526
125574
39602398
5703264
5704484
9227554
66770564
1836314487
29644
102380523
46376
1346269
24
4807723394
832048
21892
12586783254
5703264
1134903191
4194
64592255
370248451
433494814
75635
7778863442
2728
378
14930441
1392637
6766
1134903225
4807537922
988
1134914116
180510493
24232842
63246130
76
1353034
271443
8913645219
433494814
2179296
63245986
24475628
39099115
832129
39134537
102334168
14930373
12586465443
1220
990
7944322190
2206966
9230049
20530591215
701408746
2178314
701530126
39089766
7841988035
516813
20365011451
14937117
6909
3720996
2971215094
740496902
34
24158427
1600
514232
78176338
20365011074
20365011307
12586273206
832053
433494670
121396
63760215
47355
6534927
121626
28660
2179906
9227486
65424295
14930352
701408736
2995372890
1346502
75402
165776559
277141761
1134903204
9227698
2971261441
3570946
7778748814
5720598
7778742138
102334157
3524667
433812248
207364
35
878408
75402
2178330
267914906
20365011307
5731544
433501202
9230049
2178311
102334160
514250
20365039731
704933311
1836329614
611
7779574089
1134920881
203183
4807526979
1842014790
1836318668
238
9238411
3524583
1134904767
166926410
2986145425
2178453
33385282
9227473
2178343
28659
122990
2971336466
64592255
515216
75114
701411317
102334299
165580154
1838490212
102334155
12586390418
12854183321
1836386928
20367189383
1836508321
514373
1135024563
17719
12586465443
1131
14930354
346468
7784444936
1600
2974739651
531940
7778742426
842986
13530
20365207492
2971215075
63274643
90
2269806340
277141761
701408788
9227499
1028458
44791056
20365011307
165580518
9227478
196431
1134905754
1836313500
75114
2986145425
12586269169
665
14976720
3
2374727
1134903403
6765
2980442538
701726544
4807527963
701408736
102334176
122003
1159060987
5703120
268232107
63245999
24157822
2584
11179
701408734
63247583
2971215081
21
4807527065
1605
20365011076
1860498
267914330
701419679
4831684793
335522
8362
701408734
3535524
1860498
102335142
1134903225
39090753
20365028785
5824280
4182
63367379
20365011129
165580518
39088182
165580142
378
102345101
165626509
3570946
75080
75025
13
1134904767
2971217657
46381
1421294
1363980
196651
1134903170
2178322
2189255
92736
701415498
47965
2001892044
268035689
102335142
1836329614
5778
6
5168
701408767
5824280
20365011082
4807527586
145
198015
7778742282
20365012061
5703031
317819
1135735210
4909861131
12586269635
3524599
17108661
66770564
754
1836311908
78176338
12586269080
165
64592255
4414
7778770706
123977
1899557889
7778742193
525175
4870772962
17712
17766
2986145425
165580143
20365011082
3524612
102335142
6643838879
103682
12588447334
14941298
5703874
12586279971
4973107117
3524811
328757
13
104512464
2971215306
12751849166
146
20365086099
2974739651
990
102334168
832040
433540805
47355
5709652
4194
1134914116
13019763462
1134905754
433569462
6768
701605151
39099115
1938646058
701408746
20365022020
17724
24354235
4215
6778
11
635622
317811
2971261441
317832
701408966
448424789
12586269402
3524591
699
832048
102335142
433494471
14930360
53133
701530126
10
267915283
838805
7782266627
4807527031
24157906
14930352
24158427
4807526978
14930355
26
2178310
1836329614
288
398
514373
5703874
4807602001
1851242255
267914297
7375
267914529
44791056
75059
12586390418
4809705285
1135417399
24157817
20365013658
5702942
2971217657
121626
439204
12589793603
75059
3194
2178312
20365011074
4807544687
46978
5702895
63246363
7779256278
21
267932007
12610426842
4184
1618
39134537
24157851
5720598
1836386928
5702889
14930407
2692538
2178317
433505383
24158194
7778742052
434008666
4816754441
2496120
13019763462
433494670
24186474
9302490
710647
832061
2589
7375
10980
46381
102848384
8480150782
12586270622
53133
15127
24158804
701408966
1836311916
518410
102334210
14930496
196418
1836314487
2196020
24157819
3136795214
3542289
3531343
1836311903
1599
6
102334168
7778748814
75030
521
196439
832045
39105880
514232
317811
10947
635622
267914296
39284587
7778742426
268746336
39105880
644
8362
3073549228
317900
46402
9238411
166412181
1836386928
270092605
2728
12586273206
28670
4807531157
1836312280
14931949
7782266627
2971215078
9229062
3524591
111561620
63246007
7779574089
63760215
75026
2974739651
121394
39094934
46745
3542289
7779256278
165
701408877
832043
165581738
4807527065
196423
1664080
3525565
30254
1135417399
121393
2971215128
716339085
1364
267942953
5705471
331160282
10
17732
20365011075
26336126
28801
20467345229
165655166
24164582
20365011079
28746
10967
24672046
317813
9741694
20367189383
433812248
12586390418
433505383
3535524
6217116
9256122
4807531157
3531343
63246041
7780088318
1346413
5702892
1300483311
1346290
1346282
849751
2971216060
39088224
3524599
267914385
39284587
836221
7778742057
28665
2976917960
4807526981
29267
514229
7778742282
268232107
542886
514234
165580518
39
1610
165580751
535828592
6643838879
5703120
10059505
39089156
28659
703587042
832074
39134537
4807648369
139104
1008
11
235
58
1836311992
307002465
7787969514
433523094
2673
267914351
8362
1134907351
60
28746
144
4807844787
1149851
514230
18698
1134903259
75025
28657
20365207492
4807526997
24279210
6020698
317832
701408733
324576
121427
4038807
196452
166094370
1346274
28801
7778742104
5709652
4807537922
20428257060
196423
4807602001
10059505
1836329614
7778742659
63252751
75059
832048
246
198015
4807527120
2179906
39
434326477
4807526979
121448
2537720636
39920209
11090
92736
29034
39
267914440
24158050
4807528573
433494492
514318
12586269059
2817
50549
1842014790
318188
35422
317812
75028
27682395
317819
1137081479
20365015255
12586275790
102334155
165581128
203183
29
102340920
2971215094
380
20365011307
7778742138
267914296
2639
433495047
25504086
860697
2178364
39088402
833027
145
1134903403
196419
2639
842986
12587101065
466
24157906
28662
24157906
1837143943
196439
4807526978
7778742083
514839
9273833
5703264
1346879
13
1836316084
437019015
63760215
6217116
246
514263
24354235
317824
20365132467
3073549228
13721172195
4038807
1836311916
832074
4807602001
1836322849
46368
121395
466
4807527353
370248451
97
169104719
270092605
63263697
1836311908
989
12586269046
39163194
4215
832650
75635
5749255
1347866
4809705285
28678
4791
516813
3645971
3524667
9227486
12586586836
4870772962
267914440
7778748814
196423
1836318668
20365132467
39134537
8212236486
2196020
228826127
1134903314
24
953433
63245999
2179906
165580142
2971215073
20530591215
1836329614
165776559
3073549228
1974
832045
8362
7778788417
3524599
75059
92
39116826
17719
3528759
50549
42612747
92
4194
20365028785
364179
102334176
1836340560
235
24158804
11323
433494458
317832
11001
122990
9741694
7375
5702888
1836314487
37
10059505
1346358
12586269046
12589793603
3525565
7778748814
28665
7841988035
28662
17716
15126770
5702900
50549
1836312280
9234230
63248570
48315634
178
2597
514373
90
2692538
63245986
4791
19308
165580146
165580141
108037042
10954
2584
39089766
832095
105858733
1618
701410330
12586315393
2179906
701408966
165580154
63245987
701409720
28678
1851242255
12586465443
1346646
1836311958
66770564
20365012671
39405980
613
102334532
9227470
46381
189737958
4202
9227842
2980442538
29267
307002465
1600
843
1652
39088779
29267
46402
1836311937
267921061
1149851
834624
3542289
1021
14930352
20365028785
832048
442721902
121626
1134903259
4194
1836311916
165580162
5168
1836311992
1076
3542289
2585
102334158
91
75025
1860469720
4807527010
2196020
63245988
196562
1392637
4808041205
1134903171
317819
3531343
63256932
1860498
4181
2592
317811
514230
434326477
5702887
988
701408733
2971290098
85971
12591971912
1836311903
832095
75635
1042
9229062
149
4270
1346290
2182490
20633239
178
22
4807723394
128158
12543
63321011
4807531157
701410330
5702921
832041
48952
1602
267914330
267914299
2299702
63256932
102334158
12586269028
13721172195
1357215
46376
392836
2104226199
4816754441
1134903170
28143753123
7778752995
63
48952
268428525
42612747
457652254
24158194
7793672401
5075441272
907065
2971219254
102335142
12752043
832095
165626509
149
4808041205
225075
1597
521
123977
1021
2971261441
34
12588447334
6020698
63246219
6773
267942953
165580374
234
20365011095
267914385
39099115
701408754
439204
2605
1838490212
17719
4356618
117264507
3524722
317900
953433
5731544
4807526979
433569462
2196020
7778742426
5703264
1134931827
764654719
39
644
7
2586
390
46373
9302490
2971217657
3525188
514242
102334155
2185074
701408877
12586344050
5075441272
267914351
10946
39094934
2178398
63
1134903191
11
165701534
64592255
3404709510
5168
5707068
63246363
328757
515216
7778863442
165580230
165597852
41266478
5703497
24157906
1134978195
102334189
102334765
9227698
39088170
988
4807527963
267915893
23
39209562
14930386
4038807
12649515011
434840706
433494471
866988874
3010303242
92
196795
2971290098
79206
267914440
2597
196439
13721172195
104512464
17944
1686
842986
833637
701408966
3645971
5777912
317866
1346413
3553235
20365012671
63246219
4816754441
12586269026
5508935709
6020698
196418
1300483311
28678
24672046
4813229863
3136795214
46371
102338336
849751
1131
1402817466
5713833
29644
47355
15444581
7
123977
3524578
1134903191
214129
76
4807526984
1597
15248163
2496120
4807526979
2179296
75402
1134903314
317814
4558
97
14941298
24157872
832650
4807528573
1600
174807606
2178322
7780088318
20366357343
46402
2971217657
3524722
439204
319408
17712
214129
149
2971226019
2587
268110714
4182
292072113
1836312136
710636198
39099115
18454930
7841988035
225075
832184
32838
39088170
20365011218
102336739
14948063
165584322
1134949538
1346269
433494526
2178312
704933311
24989857
24204185
14941298
267915893
4807723394
5702895
14930355
267915283
20370713961
12586275790
20365011087
21066419807
24354235
103166195
267918477
267921061
57314
838805
1134904767
4808873245
1600
995
433494440
7778742049
1346413
196473
14934533
13287677758
122990
4807527586
5168
836221
233
9423883
9227499
2971336466
1357215
214129
24168763
5713833
1346502
1845539368
1134903173
4270
267915283
4807527209
2206966
66770564
165776559
20365015255
18
707111620
1836312280
5703874
5168
20365525303
7778742104
7778742083
7778770706
2692538
2587
20467345229
64079
433494471
4202
1938646058
267914301
12586269033
25504086
1837143943
167761
20389168891
1134903191
199002
20365011074
149
63246973
1134914116
4
317814
267915893
1631
1631
2185074
1839836481
14930353
1149851
102336739
2971226019
448424789
196419
108037042
121394
378
701408966
15127
7752
3239129369
46369
204668310
4807526979
434008666
2971217657
433690855
11035
6768
1028458
89
11035
24157817
518410
319408
4791
105858733
57314
3570946
165580146
2178919
5702976
589254
7142
832129
9228075
4807555633
439204
102455548
14930373
17711
7778817074
18088
9227466
1220
318188
7782266627
7778742054
7778742426
1346282
3528759
24159414
12586269028
79206
56
167758450
1134903204
132339
1134931827
1149833522
1347256
2995372890
2971532884
102334765
701408746
79206
1836312280
1135220981
7778752995
7778742282
4807531157
4183
1347866
2971232784
104512464
20365011684
14959009
7780088318
165580142
832184
1137081479
20365011163
12587101065
7778742054
24989857
165581128
25172538050
3404709510
2178317
1348853
20374238539
3542289
322
7778752995
20365017839
514284
75402
4236
2179906
165580518
5702900
12587101065
267960664
2971226019
1135417399
2971411491
1138427748
525175
242786
14930962
147
2178364
14932936
1134903171
39284587
2179906
197028
1599
435672746
9227554
167761
1135099588
108037042
531940
31241
1347866
39088171
196473
5702890
18454930
24157961
39088171
9615053952
2971216670
24204185
39088258
20365011163
1134903403
26
701408788
5824280
433494437
171283028
1346272
4186
4870772962
2178542
7778742426
1836316084
63246130
20632925370
2971729302
1598
12586269025
10948
267921061
5241021413
165580751
254
171283028
1346358
12586270012
1974
8913645219
4831684793
2971221838
11933
20370713961
5702889
20365011077
4816754441
514263
2971215086
75059
28665
165580751
1374926
7780088318
701409110
1836629714
24279210
14931339
1836386928
196426
457652254
7778743646
58
2299702
1149851
48952
141422324
849751
701408877
20467345229
20365057442
514231
2971261441
2001892044
433494581
5777912
701605151
102530573
1134909935
701408966
514234
24157830
1851242255
39088177
79206
2986145425
14422580928
7779059860
20365011075
2971215306
7049156
2971729302
165582725
169104719
710647
4202
2224677
267918477
39088258
2971261441
20365012061
7778743646
433540805
2178314
1598
267914330
13721172195
4807527353
832061
439204
2178453
832042
267915283
4189
10
2253334
613
11090
1134903403
68948873
701409343
4807527963
27682395
3524811
6786
11179
12586269402
292072113
63274643
1346502
17711
14931339
63246973
7778742050
20365028785
46457
39
635622
2597
104512464
1836311908
12586269025
12586269028
5702889
1134903259
196562
3842389
433690855
39088313
3527162
433494450
24204185
39163194
166094370
103682
20365017839
4807526981
126491972
91
39105880
3524667
9229062
7784444936
2971243730
270092605
269260565
14422580928
13721172195
514234
2178310
39284587
12586269635
14930386
1346277
4807526979
12586269026
63247583
39116826
318188
1346290
267918477
433512148
7881196
1134909935
319408
236
20365011129
39090753
31241
10573734
1357215
2971215081
10967
699
6765
2971290098
9245176
9741694
2253334
28691
1836314487
63321011
3524599
196507
24232842
10951
75028
699
2971226019
17393796001
3527162
8212236486
5702888
4181
615
121406
2971215162
7784444936
2178686
3524722
63256932
12586269046
47
63245988
32951280099
121414
28712
5702895
953433
4909861131
199
44791056
2973393382
3571
268232107
4182
1542687
1134931827
12586269114
28670
7778938467
11001
24476
7778742104
1346303
4973107117
1135220981
167761
4807573344
24157872
317816
12649515011
1346282
433540805
267942953
57
701408822
4186
1568397607
701412914
7787969514
1899557889
3527162
1198149156
103166195
29034
434840706
435672746
1836311904
1836311903
15126770
102334157
55
833027
63292354
46457
102345101
28662
15005377
7778742659
28890
64078026
196431
2585
267914906
2182490
514263
317812
267914385
15248163
46369
63245991
589254
1346646
174807606
35422
12586297682
46402
2971217657
7779256278
174807606
472582606
39088258
2971217657
12586269033
268232107
1134904157
147
2179906
1134903172
7778742052
433540805
317832
1836629714
995
47
63246219
102334176
102362812
102334163
9229062
1836311992
171283028
271443
8212236486
12586269402
17800
1836358271
703587042
17714
20365011087
20389168891
514606
1134914116
166094370
2178364
3528759
4807537922
2178310
2189255
1836311958
50549
7752
121537
13721172195
63367379
2178453
235
267914317
2178453
39603
28658
24354235
4807529560
4807844787
2971219254
2973393382
200599
832095
9227842
665
9227554
7142
16
21892
17108661
878408
318188
12586269046
123977
10947
434326477
701419679
701726544
2178364
318421
20798505511
1134903173
9245176
14976720
2178453
433812248
174807606
328757
76622
832061
4
14930365
5703497
17944
63246130
7778938467
1836316084
701408822
30254
701922962
1875400072
1346269
12586344050
2597
2961
969323029
1173991339
832045
514242
7049156
29860704
75114
24164582
165580374
1839836481
832417
196420
121448
63256932
1134920881
268428525
1860498
320395
2971221838
701411317
10573734
102334532
4807529560
704933311
267914304
7778743036
12610426842
7881076204
271438874
196419
6643838879
94
701408736
102530573
1741
12586269080
12586286736
24175528
24157872
92736
20365011079
1600
26
28801
610
5702887
7778759760
833637
39209562
701408741
20374238539
267914298
7778759760
46389
1836311904
144
24157830
128158
75025
12587101065
7778742051
842986
2728
63248570
317819
165897952
11179
234
75027
15005377
236
18321
63248570
166412181
514232
20365207492
7778742062
150050
3528759
47
46381
2189255
2592
1598
46978
1836340560
1348853
20365013658
87403803
60
35
514839
833027
3194
988
4186
75080
2537720636
701726544
63563797
16276621
63248570
10967
2178314
102334155
832095
235
521
364179
7787969514
701408735
15248163
7778742050
437019015
204668310
12586269030
12586783254
17393796001
1838490212
701408736
1346269
3
63246363
165580374
843
24157820
1836311903
17855
514284
12586270012
4807602001
102848384
14930354
13
5777912
4325
710647
318044
102334176
267918477
701726544
7778759760
514234
20365132467
20365028785
701408741
623
2180893
7778744633
514229
29860704
7778742426
102335752
3404709510
63263697
165586906
9227499
701408877
102334176
15248163
12752043
1598
4807529560
24475628
1135735210
433690855
14932936
754
878408
1134903225
23
3524599
514606
29644
701408736
1836322849
2179296
63321011
7778742054
267921061
63245994
20365011079
7778742062
1134903191
14422580928
288
23336226147
8480150782
4
9273833
3034461059
30254
12586275790
4807602001
63246130
46457
740496902
7049156
233
102651966
7752
701605151
398
3010349
907065
3645971
3571
28670
439197324
7881196
12649515011
24157817
7784444936
8362
4807544687
377
2224677
317819
28657
1836311916
20365011087
102334244
17713
379
8913645219
267914317
165626509
178
24475628
63246596
165580518
29860704
17719
1836508321
14930353
9545276
225075
3525188
1402817466
12586271609
433494492
41266478
9227478
165580146
141422324
1836311903
63246973
4807527586
1631
4202
433498618
75059
21892
1602
241
1144130635
12586269026
2961
5508935709
328757
6
63246973
1664080
433494581
5731544
8212236486
1134903191
433540805
442721902
9545276
10980
21499914244
7778742659
11405774
4807527065
832095
701530126
39163194
1605
860697
76622
39094934
1542687
703587042
990
75028
6909
20365017839
2182490
39088258
165580144
514263
2971215162
126491972
10948
1135417399
1845539368
46423
9256122
24989857
34
79206
41266478
987
14948063
27682395
1618
47355
39603
102334210
76012
63246130
6820
1237237325
317816
20365843114
267914529
102334176
17716
704933311
317832
4270
1605
46457
24158804
1134903178
102338336
379
169104719
1597
10947
10980
39090753
2178311
7778742054
8362
613
6786
282844648
5508935709
63245994
1836312513
1346324
2178686
20798505511
8480150782
7778742050
196562
6766
1836329614
268110714
515216
514462
22
1149851
20365011095
3524955
1836314487
5824280
139104
12588447334
39602398
7778742050
102334388
4807527120
12586269025
4807602001
320395
12586269635
169104719
1845539368
64079
701409720
704933311
10980
832042
271443
105858733
1134903204
4038807
8212236486
196473
514229
102848384
832650
9238411
832095
165580162
14930373
20632925370
2104226199
63246130
165897952
832273
24157851
271438874
4807602001
832650
2976917960
4973107117
560597
4807526978
29644
1836312280
832040
4791
466
9302490
7778752995
701605151
121396
33385282
3720996
20379941426
4182
122003
17944
2971336466
9348858
75635
701408738
701412914
5702889
1134903204
165580141
525175
7778788417
254
1836322849
165586906
102334155
288
1836329614
267914309
33385282
7778742426
2589
390
1836311937
17732
9228452
14930360
39088190
433494814
14930407
1618
4807527031
3239129369
7778742138
14934533
1357215
988
990
4822457328
196562
5702892
196418
20365011163
196431
235
2995372890
102
833637
20370713961
5731544
105858733
20365011074
1134920881
2618
9615053952
8913645219
1836311905
75028
145
63246219
1875400072
199
5778
6770
63252751
6766
9227467
29267
15557484098
832045
4807529560
189737958
12586270012
20365843114
122990
17108661
317824
10951
3645971
803742888
9231646
833027
273617183
989
12586269635
7793672401
701455101
63246020
20295
2496120
102334244
3524578
7778743036
6217116
14941298
615
30254
14930354
121414
165701534
1134903780
63245994
63245986
12586269026
24175528
14931339
707111620
42612747
4106118243
3524722
241
102
433505383
102334388
24157906
1134904767
433540805
1836629714
63245987
7881076204
433540805
1149851
102
102334168
23336226147
515826
328757
2692538
4807844787
3672623806
63246973
17108661
2971216060
24186474
85971
5241021413
17732
3526175
4807526977
24159414
701409343
2971216060
102334176
10573734
14930365
1134903191
3571
2817
1144130635
24157817
75028
20365057442
121770
121537
1028458
196421
12586275790
24672046
317845
4807573344
14931949
5702888
7881076204
7778817074
9227499
20365011108
4186
1346324
2971216670
273617183
102651966
7752
63321011
2207
5720598
267914385
17944
4807648369
2269806340
9
166926410
514462
317866
267914309
442721902
515826
17714
5702908
39088203
4194
1597
64079
992
63292354
42612747
121427
165626509
1836311992
23336226147
6799
2178330
39088174
14930496
1348853
4807529560
39088169
238
1600
370248451
4973107117
849751
2589
28801
20365012671
12601199377
9348858
20404099243
1008
15762392
24157838
144
17712
20530591215
4807723394
63245999
5749255
121401
514318
2972561342
53133
14930355
267915283
5749255
2180893
432
63245994
267914906
3553235
102351866
121414
2592
1136249439
2971216670
9228075
3524633
123
832184
12625357194
3524578
102
17713
433494442
10573734
5707068
15051745
378
7778742054
411
521
20365011076
1467662
5702900
78176338
1134903204
317845
18698
4807537922
2585
589254
246
79206
20367189383
9227499
317832
197028
39088313
46368
267914440
2976917960
433496034
842986
196452
1392637
701408741
457652254
5168
12586269027
75258
2971532884
12586390418
2178919
1134909935
20404099243
20365011079
7778788417
472582606
63321011
165584322
4807527586
9228075
81790
165580154
14930353
515216
268746336
58
3524581
27682395
50549
3239129369
433495047
57
14930962
610
196419
4181
4194
1836312136
3524612
2971215073
20365132467
20365086099
9227499
102334156
1346646
1149851
1836826132
242786
1346324
17766
39920209
1974
1346324
832043
1137081479
701409720
20295
196795
7944322190
26
1600
2971219254
7780088318
110
39134537
22201322977
1134949538
165580141
4807527963
6217116
12586275790
58
46370
102340920
9423883
121770
2817
6909
39920209
246
147
12586269402
22201322977
832417
1836311924
42
198015
242786
9228075
4807528573
165580144
39209562
149
2971336466
4236
320395
3524955
14976720
91
16276621
4811051554
165580196
24158050
13287677758
169104719
121537
1220
102334156
3531343
832095
20365525303
1136249439
196452
1008
740496902
1836329614
433496034
1134903175
7778742049
12649515011
20467345229
18321
24157851
702755002
1467662
433812248
267
35422
39088170
317814
433494670
39092350
4807648369
47355
228826127
4807526976
75028
514229
121393
699
5707068
20365207492
102530573
121401
28691
14930373
48952
12586586836
702755002
990
10954
4558
2971532884
2971411491
132339
28658
39116826
707111620
1836329614
12586586836
122380
1135220981
14930962
3524599
14930386
165580149
7778742062
24157825
849751
701922962
7780920358
165580162
2728
1839836481
716339085
267914309
7778742051
234
20365011082
17732
17108661
377
4807527031
542886
20374238539
832074
63246596
24157851
2196020
60
63245986
7778742054
3073549228
317819
39088177
318044
1346282
3525188
7778742104
63246219
9256122
701408754
10951
63245987
267914299
165897952
2182490
843
1467662
1135735210
5703874
20365013658
63246363
4846615145
4202
5508935709
433497021
39089156
2196020
14934533
14931339
39284587
457652254
4807529560
20365132467
7778742104
14930407
4807527065
20365011079
12854183321
149
46376
39092350
91
12586344050
4791
12649515011
1974
701408746
165591087
2178314
8362
4807531157
199
157
992
5702908
15051745
14422580928
1134903780
46402
832040
5702892
1134903259
832041
20365011163
196473
87403803
24157825
1830
102530573
377
203183
102335752
433498618
8046656345
268035689
1374926
94
39105880
20365012061
4807526976
122990
5702900
1134920881
4870772962
1353034
7793672401
2971261441
599074578
3528759
701412914
1836322849
11933
2182490
68948873
39088170
317845
1602
2586
836221
2178542
433494438
128158
7778752995
2673
3672623806
2178330
121770
10573734
2587
4189
1135099588
7778742057
2971336466
969323029
39284587
832273
701409720
4807526976
14930386
121482
1000
267989321
24232842
76012
4807527031
8212236486
94
102340920
2178453
24157906
385
1346324
610
7778742062
12586271609
14930373
14930353
246
12586269033
7817830218
39088177
6765
9227609
2976917960
11179
29
1392637
385
9227465
599074578
28143753123
331160282
15051745
68
433494814
17713
121427
599074578
317824
122990
7778770706
2253334
7778742062
317866
26
2971290098
514839
20365011684
4807723394
63245989
2728
5703874
271443
267989321
2185074
370248451
146
2692538
141422324
5702887
472582606
63246973
2971243730
1134903780
2618
165580230
5702921
331160282
3524591
1350450
5749255
514237
30254
4807527209
121401
13530
2971729302
514237
2182490
9741694
46512
17108661
1686
165580162
55
613
1134931827
46369
703587042
196562
317813
7778742054
1851242255
12586344050
3034461059
1836329614
9227486
1686
63292354
75635
514373
196421
1159060987
2605
969323029
1686
18321
1237237325
1836318668
17855
2269806340
20368535652
317832
1347866
121537
7881076204
102334765
1836311924
832273
20467345229
102334765
1392637
207364
2728
1836629714
6820
4414
75080
12601199377
56
174807606
20365011451
267914301
39088174
4807844787
2995372890
2178310
121406
433494440
20389168891
63367379
152
149
433494814
701408746
102334156
832042
102334157
7778742138
75033
165584322
2178343
90
1836311906
24161998
241
4807526978
24157906
1836433296
20365011129
6766
196431
435672746
24159414
3526175
12586269026
6854
5720598
57314
20365011082
1137081479
2971215074
20365011095
12586269258
14941298
18698
701605151
28657
24475628
1836322849
24159414
102334388
39088172
2104226199
20365011129
2206966
9227486
2971215162
102334189
63274643
611
5709652
4807527586
7793672401
46512
3524633
4183
22
20389168891
317811
165581738
514231
20379941426
44791056
3599603
701408741
4807529560
7779059860
8212236486
39088258
267916880
46512
1598
103680424
520994
268110714
167758450
2971215086
2971532884
2178310
1134903171
24157820
24232842
7778748814
32838
20632925370
50549
20365011077
1134903259
104512464
1568397607
5707068
20365525303
12586465443
3010349
165580518
1838490212
1392637
5702892
1346270
121398
5778
832045
36
3542289
382
165586906
292072113
1346358
20365011218
165580751
267932007
2971532884
28660
2178312
12588447334
1134903314
317824
433812248
2224677
4038807
17719
15557484098
150050
12586269027
3524955
63760215
76012
9302490
12586269114
3010303242
20404099243
1198149156
7780920358
7778742104
24204185
2196020
1974
28670
17766
1346282
14948063
9273833
165776559
2178364
267918477
4973107117
28691
10951
4807648369
5702895
28660
46457
3672623806
1568397607
1346271
267914298
2178310
9231646
701412914
1845539368
2971219254
1741
2178453
4186
2178398
618
832045
102334189
165580141
701408746
102651966
25504086
200599
4846615145
701408733
20798505511
4194
1598
92736
10946
4807529560
5702942
9349
63245989
6820
20365012061
7778743646
39602398
12586269027
6854
12610426842
165580142
433523094
1346303
63246007
23336226147
139104
433494458
268110714
7778742070
1598
2971729302
166926410
10573734
12586344050
6020698
4186
1346502
39920209
701408767
317813
20365013658
5749255
5702976
4106118243
1021
165580143
102340920
832040
6820
4215
268110714
1938646058
36
702755002
1136249439
6
318798
5731544
4816754441
4816754441
11179
989
12543
2971215094
9227478
12586269025
701408746
1652
701408733
3570946
24160401
317900
4189
39099115
6020698
35
14930386
77609
11090
1602
4807537922
46381
1836340560
24175528
122380
21892
3570946
7782266627
24
1346646
764654719
9227499
267932007
1836311904
1134931827
267914298
515216
2971215162
75059
8
57
2269806340
4186
11556
1836312890
1347866
5749255
9231646
63
2971215081
433494437
121770
433505383
644
2971215094
63246973
432
1402817466
2178317
2178398
7778744633
29644
12591971912
433569462
1600
14948063
24175528
1837658172
165582725
515826
5702921
4870772962
701605151
9228452
238
267914330
4807528573
20365207492
12589793603
1134903225
20365017839
4182
7778742282
20379941426
60
2592
39163194
433512148
267914440
380
63246020
516813
4807648369
24157819
39094934
75059
44791056
324576
41266478
11090
50549
2980442538
28801
1346502
39090753
12586269028
1836312136
55
267916880
166926410
6998
433523094
1845539368
5749255
1686
1300483311
7778742052
6773
11405774
701426444
165626509
165580141
20365011684
2971336466
7780920358
39092350
317845
514263
46370
3
701483758
12586390418
11090
1837143943
7375
6020698
11179
121626
14930360
121427
282844648
267914529
701408788
10949
2189255
34
514237
92
2971261441
4181
14930355
14930360
20365011095
448424789
12543
75026
102651966
121398
28691
165580175
4808041205
1836311937
2179296
12586269635
5778
1198149156
992
969323029
7778938467
3
990
10573734
1392637
5702892
12587615294
13721172195
10946
166926410
1134903191
20365013658
39094934
233
24158804
3525188
20374238539
12649515011
1076
9227486
102334532
1467662
4807527031
7778742062
701408741
832061
2299702
79206
1149833522
122003
24354235
1837143943
15005377
635622
4807527353
514234
7881076204
7778742083
1392637
433540805
20365015255
207364
5705471
235
5709652
1357215
9229062
514230
3524667
6799
196423
3571
17719
12587615294
144
1402817466
7778743036
1134904157
866988874
165580144
17944
433494450
2961
7778748814
102336739
1599
2178919
68
12586269025
4325
1597
4
433494450
514230
65424295
121448
189737958
20365011087
9
24157961
64078026
288
63
165580144
1836311911
9227473
273617183
267914440
6909
180510493
433494442
141422324
701408733
9227465
17719
12586269030
14937117
701408767
5942430146
701455101
7778743036
992
4807526977
496740423
235
102334388
22
10967
103166195
90
20632925370
701408966
3524583
121398
20365011087
4807526979
1346277
433494458
442721902
75028
39089766
3524599
24158050
433690855
2496120
1347256
24354235
7841988035
4807527120
599074578
9238411
1137081479
2972561342
17745
4194
2178330
2178309
1467662
2974739651
12586465443
267914351
3720996
10
3524580
2972561342
20365039731
701408734
4106118243
20530591215
3525565
20365039731
75033
1602
832074
20295
23
165701534
267914351
110
165581738
878408
3525188
9228452
165586906
665
199
1159060987
1364
1364
3
514232
860697
28678
5942430146
91
7778742104
196473
1392637
10951
317813
618
5702908
1836311992
24157825
75258
7778742426
121396
496740423
12751849166
63563797
3524722
411
10573734
5705471
2971215128
7802899866
7778742049
20365028785
2586
63246596
433498618
3720996
24157872
1198149156
9227842
39209562
102455548
701408788
378
12591971912
317814
174807606
1347256
2179296
346468
969323029
1836311908
832273
196473
165897952
102334244
2178453
6799
378
122003
382
710636198
433494492
4973107117
1836311904
7779059860
2179296
12586465443
165586906
64078026
433505383
189737958
2971215074
157
2961
2972047113
398
3524633
165580518
5703120
14930496
20365011451
12586269025
710636198
514318
28746
24157851
267916880
1134920881
102345101
3524581
39603
39088169
9545276
1134949538
411
1134903170
28801
4807531157
433494450
4356618
75258
1134903259
631
63367379
434326477
102334532
21
20365011076
63246020
20428257060
836221
12586271609
516813
196431
1134904157
832074
11405774
56
24158427
433494438
3672623806
378
20366357343
1851242255
85971
75402
39092350
1830
4822457328
2971215073
7802899866
5703264
94
1542687
196452
7782266627
26
66770564
9245176
6820
3404709510
14976720
2971261441
6643838879
165580518
9741694
2178453
267914298
12586279971
94
1348853
12688603180
2973393382
39088190
9227470
2961
165580374
2196020
4807526997
2587
63246075
7375
236
832650
20365011451
228826127
4807526997
75046
121626
24164582
17712
110
433523094
102362812
1135220981
174807606
20365011095
3524599
267914301
2104226199
3073549228
12586269635
5702908
4414
701408736
46370
2178364
701408788
988
39088169
1000
2972561342
4807527120
13287677758
3524579
271443
2971290098
102334157
91
165580230
5942430146
165580374
10954
702240773
1134978195
39088172
145
165580162
24232842
317845
292072113
4822457328
17732
7375
20374238539
165597852
204668310
9
725566550
196418
832273
76
254
267916880
282844648
321992
29860704
2971215073
1134903178
2189255
1144130635
433494442
1042
1836329614
39089156
433496034
1149851
9423883
20365011108
46978
1836508321
12586270622
1836386928
710636198
2971411491
165597852
15126770
2971261441
995
9227499
4270
165580374
514231
2971215075
20365013658
832184
988
63245988
17108661
433498618
1134903172
196431
39088190
317813
6799
1140606057
20365012061
42612747
514284
90
63321011
701455101
433494581
1347256
2587
701922962
1135099588
40434438
2585
1598
2971411491
28659
55
7778742070
1134903175
12589793603
701437390
24164582
1836314487
716339085
2971221838
20365039731
122990
10949
39088224
196420
803742888
24476
6766
2971215076
7782266627
1836312047
7779059860
9227470
644
1836316084
28678
1134931827
121482
207364
514230
701419679
2179296
701415498
4831684793
4106118243
165655166
75402
832095
267925242
165580285
63245986
12586286736
267916880
24175528
102848384
2971261441
4809705285
39
701411317
63246973
12854183321
197028
102334163
433494438
196426
10573734
11090
14930386
1149833522
1220
18
1138427748
5702976
832129
11179
28801
322
76622
271438874
2178364
411
1836312890
433495424
1346282
335522
1347256
20295
4325
20530591215
24989857
9231646
5508935709
102530573
2178453
20365011108
496740423
63246075
235
102362812
267914529
20467345229
3535524
1421294
4184
24989857
102334532
20365843114
267914297
1134903204
22
7841988035
3553235
165580374
108037042
14
6778
12688603180
618
102380523
171283028
165776559
165626509
6767
24158804
12586269635
75059
6643838879
2971290098
121770
39090753
267925242
439204
5720598
701410330
63245989
75025
4325
28691
433498618
24475628
3034461059
12587615294
1346290
521
267914440
4183
4356618
21066419807
15
317900
102334168
12586344050
4325
