5000
7375
1421294
167761
63248570
39209562
5168
618
1836311905
103680424
214129
20365011108
267914529
196420
196473
9227478
24204185
102455548
12586269027
435672746
76012
2971532884
701437390
2374727
196473
514318
1198149156
1402817466
14930962
267914385
9
2178311
4807723394
123977
433498618
152
57
14930355
204668310
514839
11035
7779256278
7778770706
12586586836
15557484098
701408788
9227465
102335142
317819
3524811
75033
514231
121482
267942953
878408
1159060987
4807527586
108037042
20365028785
12625357194
514229
9227842
1346277
7793672401
2971232784
7881196
514242
121406
165580162
1357215
24672046
79206
1836386928
29034
24157818
271443
2971336466
46423
50549
39088402
21
1357215
28658
6
7779574089
63245991
433496034
1159060987
7779256278
102334244
121414
3010349
370248451
4831684793
24204185
17714
147
12625357194
3524667
516813
1836312047
39088224
63563797
68
9227609
10948
196419
3531343
4194
165580143
3
2971215073
20365011077
7778742659
20365011079
39920209
18321
197028
317900
832273
13287677758
165580518
1363980
4184
20798505511
740496902
12586269027
17724
267915283
4807529560
165580154
20365013658
12595496490
24157817
1134904767
2178322
635622
33385282
139104
267932007
12586390418
704933311
20632925370
4807526977
102334210
6217116
4558
2971221838
7375
514230
1134903175
165626509
196562
12586269030
42612747
9227478
39088172
701408788
24158804
152
102338336
63245999
560597
2178398
9245176
318188
5704484
267921061
1836340560
4807844787
1159060987
433540805
1134903171
11405774
42612747
24161998
29267
4182
16276621
42
12586783254
42612747
842986
1836318668
3531343
24157830
63246130
55
2972047113
635622
3842389
514250
21499914244
28657
10573734
46978
92736
13287677758
165580230
514237
10959
63442404
1851242255
13019763462
1346879
7778742052
267925242
20365012061
128158
24164582
5702976
166926410
102
63246130
39088546
2178322
102334176
1350450
9615053952
4807527353
27682395
701409343
307002465
102334299
4183
12586273206
10959
24476
20365011108
832061
4189
3524581
1836826132
701408738
3034461059
4807527065
12586279971
24157906
282844648
63321011
2178312
319408
165580154
611
1974
14422580928
29034
448424789
4807844787
2971226019
7778743646
14932936
9231646
267914304
4870772962
75038
9227554
28659
2253334
514373
1134904157
434840706
1364
20379941426
12587615294
10954
196426
1346502
1938646058
267914301
1402817466
5709652
589254
28659
20633239
4808873245
2178314
4807527209
907065
63246075
20467345229
121626
3524612
9227466
196562
535828592
12586269033
7944322190
20365012671
196439
46389
75025
701605151
3842389
610
4816754441
14931339
433495047
200599
843
165584322
1353034
196651
4807526997
4807527010
320395
37
111561620
12586269028
433494814
75033
317824
832041
121427
189737958
7778742049
1346879
58
30254
3073549228
14930729
12595496490
317824
147
2971216060
39094934
20365011076
20365013658
10946
740496902
23
24476
152
318798
17108661
10949
102334176
39092350
5241021413
4184
196423
1134905754
7778742070
5720598
433497021
165580154
439197324
5702900
165580154
2971215075
13530
17855
1421294
14930357
196439
969323029
1346413
267914299
433569462
5703264
189737958
6
907065
267914297
75027
77609
75038
12586269030
102335752
3542289
1134903170
10946
7778743646
20379941426
12586269046
75026
39088172
1353034
433495047
1348853
5703031
3524667
22201322977
35422
1836358271
702755002
166926410
6778
53133
20365011079
26
9228075
165597852
94
7779256278
20365013658
14930373
10059505
1135220981
63246596
3239129369
701408822
1836314487
1138427748
24475628
17766
268428525
14948063
2592
1042
39163194
12587615294
63563797
89
39088171
15126770
13
66770564
7778742049
108037042
24354235
6854
4807648369
4807526984
832041
10959
196431
64079
75080
2971221838
197028
514606
988
123
55
4811051554
1598
4807526978
14948063
5749255
433690855
2178312
103680424
1899557889
701530126
1836629714
63245994
3524722
121770
433812248
5703874
102351866
102334299
433494439
2605
10948
81790
2597
18454930
64079
39088203
2178330
1134904767
7778742138
3599603
20365011075
699
122990
8913645219
1134903183
228826127
317866
1346272
20365011095
9227609
196562
102334155
6820
3524612
267916880
29267
832129
5942430146
611
102335142
3010303242
318188
39134537
1836433296
39163194
37
24158050
631
701455101
21
4189
433494442
39088182
196423
4183
2971215107
203183
24159414
4106118243
28670
7778742426
75046
20366357343
2971215107
18
11090
75402
14959009
4807526978
472582606
14930496
2269806340
701409720
514234
12601199377
7802899866
398
12587101065
267914529
3531343
1938646058
878408
9227486
1198149156
22201322977
123
988
1836311958
17732
3194
2971532884
9423883
6766
4807527010
1836311903
2178309
63246075
4807526976
31241
4807533741
995
1357215
24159414
1028458
28890
21066419807
39088172
267914297
24158427
2971336466
165581128
39088203
63274643
701922962
12586269033
39920209
435672746
1135024563
1134903178
3571
832184
5778
63246219
39284587
514237
15557484098
2269806340
121770
24158427
2178364
1350450
9230049
9227466
12586269033
2961
10948
5703497
754
1134903314
3
204668310
12688603180
7782266627
701726544
46978
5778
165597852
7778742083
46376
165597852
126491972
10749957122
14976720
2976917960
836221
15
1237237325
2178686
121427
28143753123
12601199377
9227520
317813
378
4807526977
254
14976720
3010303242
75059
6820
20365011075
2971215086
122990
2971219254
157
1144130635
24157822
15557484098
2976917960
1134920881
1347866
234
7778742050
2178364
1134903173
832417
515216
9227467
63256932
20365207492
4807526978
12649515011
24989857
2971215078
7778743646
9231646
2971219254
4325
3720996
165580751
9349
47965
12586344050
10967
4870772962
171283028
102334189
121427
63245989
1135220981
1149851
20530591215
165580142
103682
4807648369
10954
4807527031
2001892044
3528759
701922962
2971290098
317832
5713833
514606
907065
6643838879
169104719
1836340560
1134903547
273617183
165580146
102351866
833027
2971215076
5824280
267914351
1836312280
1134949538
514230
24157820
10946
267932007
4909861131
1134903170
199
24157819
2974739651
4807526977
2972047113
57
4808359016
32838
13287677758
79206
832095
1836433296
128158
13721172195
24161998
63248570
1836314487
1836433296
9273833
4558
4846615145
860697
832043
39603
196421
3528759
121406
24186474
7
121537
1836312280
834624
46457
4414
126491972
1149833522
12588447334
317819
11035
102334155
1134909935
90
166094370
1134903191
165584322
63250167
267942953
21066419807
46376
2971232784
364179
20365011451
2299702
32951280099
2971215306
39163194
20365011082
1198149156
12688603180
1134903780
121406
2196020
20365013658
29860704
12688603180
1346282
5942430146
20365011077
271438874
18454930
370248451
267915893
1837658172
710636198
121393
39284587
2584
7778759760
1134920881
514229
710636198
1836358271
165580518
141422324
701410330
2253334
1237237325
14
28678
701408822
17713
317900
12543
832053
196431
1836629714
7778742052
1364
2974739651
102334163
1134903170
33385282
1134903178
623
78176338
24157818
64079
701483758
267960664
2178314
701408966
1220
39088779
196418
28678
1173991339
433494581
121401
7778863442
24157906
12610426842
2980442538
102848384
9349
514237
14932936
78176338
7782266627
518410
11090
754
121427
317811
267960664
20389168891
7780920358
1836629714
4807526984
7782266627
267942953
63246973
39089766
270092605
65424295
1138427748
28712
3672623806
165608798
23336226147
4807531157
4807526989
17732
6765
635622
7778742104
3524583
2178312
2971215076
318421
2971215086
267918477
14930365
496740423
141422324
1836629714
270092605
6
1134949538
433494492
1134903172
65424295
17745
433812248
165580149
4807531157
317814
2182490
5241021413
7779059860
466
24157818
17855
3404709510
14930386
1346277
833637
75635
4809705285
292072113
21499914244
6786
15127
665
7
4807527010
4807533741
2001892044
121406
2178310
11405774
710636198
75026
2971215076
434326477
23
433494439
5707068
15444581
1836329614
433505383
18
24157818
7778743646
514232
46369
4807533741
24157817
102340920
514839
701408736
2178317
5702889
1542687
3645971
12586273206
236
39209562
434008666
4202
7752
5702976
560597
8913645219
6773
14930357
165580146
24175528
24158427
611
21
196795
4
103682
50549
1134978195
20365012671
63246219
24175528
392836
102335752
3524581
3531343
701408822
79206
12589793603
14948063
701408877
28670
7778742193
514232
20365039731
1237237325
15051745
81790
832042
1134949538
165
2971243730
3239129369
24157851
31241
10573734
610
165
442721902
9302490
2728
17108661
165580142
832043
635622
24157906
63245987
12610426842
1008
15557484098
11933
20467345229
2224677
7778817074
4270
268232107
4807527120
29644
46601
14930360
39089766
4807527031
14930355
2971215450
282844648
108037042
157
26336126
17393796001
4807648369
1134903183
180510493
254
87403803
102335752
4807526977
44791056
7778746230
2971215086
1860498
2537720636
4807533741
20367189383
171283028
472582606
24989857
63246219
317866
4807648369
2971215094
267914298
63245994
514284
701426444
1598
2178919
267960664
448424789
7778744633
121393
2971215075
24160401
439197324
439204
235
4807531157
14930962
196420
3524578
725566550
2971261441
1631
878408
860697
196420
9227698
14937117
165580374
1134949538
3528759
39088190
196507
1346303
5075441272
701922962
24159414
21499914244
995
14930355
433494440
318421
20365017839
433494492
24989857
196426
39088313
122003
273617183
9256122
20365039731
4807526997
599074578
10946
165580285
24672046
121448
433494445
515826
20404099243
267914296
12601199377
89
7793672401
11405774
29
335522
1353034
3526175
832074
20365011075
6020698
46371
701408822
63246130
75033
1134903173
20379941426
14959009
7778938467
21892
1392637
24158050
12751849166
2971532884
1008
24161998
317813
1346879
8212236486
4807527963
17800
7778742070
1134903171
63245991
514318
30254
1618
2817
288
14930407
12586269025
102334210
10959
20365207492
1836312280
1134904767
1134903259
267915283
1300483311
14930360
4807602001
268110714
710636198
28691
433615830
13019763462
521
267914440
2178686
145
2178686
4807573344
6765
2971215081
9227465
5942430146
77609
44791056
2224677
5720598
197028
20365012671
7841988035
63245999
4807527963
15557484098
24175528
39092350
832184
214129
94
14959009
7778742138
2971215107
9227465
14930373
122003
121427
1839836481
1134909935
514242
1008
271438874
1618
1134903547
5749255
214129
241
433494442
29
2971215074
7778742062
24672046
2597
1836312136
20467345229
9230049
433495047
3528759
20365525303
1363980
1836322849
102
7780088318
433495047
7778742104
3527162
1042
17766
2971219254
4811051554
196507
7817830218
6998
17944
4807527353
433505383
5899305
24168763
833637
63442404
28659
12586279971
2971215074
4182
2178314
91
39163194
1347866
9273833
335522
701605151
14930352
28670
3524581
196419
5720598
14932936
4807723394
12586390418
380
5704484
10948
122380
63263697
1137081479
54018521
14931949
514250
3526175
6
63246973
3524591
953433
1974
63246130
121394
1836312513
1346879
282844648
701726544
17716
531940
63245989
1542687
28712
644
40434438
46423
1686
267
1134907351
2584
102338336
2692538
832650
89
7778742193
9238411
7817830218
3010349
2971216670
6909
20365011087
63292354
12586269080
317816
535828592
4414
81790
102362812
63256932
514242
165580154
14931949
1837143943
2973393382
1346879
63246020
364179
1664080
39088203
346468
3524578
15051745
6643838879
12586269033
1860498
5731544
24157830
125574
12586269025
15005377
24157838
47
9348858
2178398
165580374
20365011451
4808359016
866988874
2189255
439204
7778742050
102
3524612
11001
434008666
1134903225
701408736
1350450
128158
89
9238411
20365011074
76
2971215086
267914440
364179
1974
665
46402
102
196473
165584322
514839
15444581
3524579
20365012671
433494526
1346282
196426
7778742070
7375
267914304
4816754441
615
318044
4807537922
14930355
710636198
11
701408733
17714
271438874
515826
103682
17713
20379941426
16
5731544
1363980
1135099588
701410330
1159060987
3570946
1350450
146
12586269026
4182
439204
4807648369
9228452
103682
317811
1149833522
10573734
7778742083
65424295
612
433498618
4
39405980
907065
17716
18
833027
76622
12586275790
20365011129
7778743036
2592
6768
165580144
7778742138
2971215076
139104
1836340560
267914351
267914440
246
7778746230
282844648
12586269025
75635
2986145425
267925242
382
10980
531940
514284
11323
10948
4189
9227609
701426444
2971215162
102334156
3524811
1836312513
14930373
29860704
28660
4846615145
39116826
589254
10948
17714
433498618
1363980
121626
3528759
701922962
267918477
1836311911
39090753
234
20365843114
448424789
5899305
9231646
1348853
1134920881
5713833
15005377
165580162
35
46389
439197324
514250
3524722
292072113
81790
14930357
2971215107
2971729302
1363980
7778742051
24232842
9227468
1134949538
2639
1938646058
385
122003
165584322
433569462
24232842
20365011218
3524667
3524579
165
9423883
39089156
17716
64079
7817830218
47965
12586273206
267914673
701410330
433494438
196507
197405
14930373
20379941426
8362
12586586836
832043
8
20365028785
5713833
20365039731
14930496
4325
147
1346269
29267
2692538
165626509
14930365
411
448424789
832040
267989321
20365011451
21499914244
7778742051
165626509
466
4807531157
2537720636
75046
4270
878408
102336739
132339
12649515011
75169
267916880
20365011075
1134905754
165580175
1836311916
832650
5824280
1134905754
63760215
121770
866988874
15248163
20365328885
6770
24157961
196795
157
20633239
589254
7778742104
3524581
1138427748
4807526997
77609
102338336
1137081479
14930357
14941298
4909861131
20365022020
12586586836
9
241
39088224
15051745
7817830218
701408822
11323
14930352
3194
589254
63246007
122380
268746336
9227520
1134907351
63292354
14422580928
63246020
3570946
165580374
2178343
197405
102334765
288
2971215683
1467662
10951
7778742426
1836312136
7793672401
267918477
3842389
433494471
20370713961
24157872
20374238539
39090753
165897952
4811051554
969323029
1346646
2185074
2178309
1938646058
514237
4807527120
75025
433495424
9228075
9245176
267914385
20365011218
9231646
2971215075
10946
39088169
9227609
1467662
1842014790
14932936
12752043
121401
5777912
56
5702908
12586783254
989
8480150782
12610426842
2971261441
24989857
1842014790
166094370
39088177
3524583
24161998
165580374
75635
2178314
267914440
535828592
28712
14930365
2189255
9227554
12586783254
55
3526175
4807527353
514284
832045
4807526981
121396
1568397607
39603
75114
432
832048
9234230
701408822
514230
122990
104512464
39099115
5241021413
1134903172
987
832041
102334210
6765
46512
1467662
24158194
1741
17766
4414
832074
514284
102334160
42
7778742282
91
64078026
2618
2971215217
75402
6799
20374238539
132339
9227520
1134903175
2971216060
1836311992
7778742050
102334388
5702889
3136795214
121626
317824
317900
28801
167758450
102380523
1159060987
11
8046656345
990
1605
15127
442721902
12586269038
10951
740496902
24157872
703587042
3524667
15126770
433494437
4808041205
122003
518410
9741694
2587
10967
1605
20365039731
267914299
28670
12586783254
4807529560
1134949538
63442404
6998
39284587
1140606057
514229
5702892
12586465443
1237237325
7778742138
2178317
75059
28657
39163194
433615830
9234230
2182490
1134949538
12586269114
11090
4807648369
2971215076
702240773
644
11179
17714
180510493
1173991339
2692538
63442404
10959
32951280099
1137081479
2971215076
165580196
165580162
28659
12587101065
448424789
2179296
39092350
122380
17766
2537720636
34
17745
20365011077
1845539368
322
1836311908
102345101
63250167
832184
4807555633
434840706
75025
102362812
1836318668
6534927
3645971
2728
204668310
4807526979
1134914116
4807602001
27682395
7778742057
21
6
2179296
20365011451
1610
612
267921061
2971215076
803742888
9238411
75080
24175528
63256932
63245991
4807527353
28712
4186
1836311937
525175
3645971
20366357343
2971290098
267914297
121537
599074578
2973393382
178
39088402
39088170
1836313500
28657
267914304
364179
13721172195
76
317811
2972047113
434008666
121393
3553235
267914385
196420
46373
233
9227468
24232842
7778752995
26336126
268110714
6799
542886
701530126
4807533741
66770564
1836433296
635622
121626
514318
843
322
18088
2971215076
9
20365843114
6766
2971290098
12586275790
26336126
2971215075
267914317
3239129369
8046656345
4816754441
2178453
7778742070
535828592
437019015
2971215217
7778742062
442721902
4807526984
63274643
12586269635
242786
9615053952
7778742051
39088190
12586269033
1220
516813
267942953
1357215
4325
63246363
2618
121398
103166195
2618
267916880
32838
39088779
81790
165597852
832040
514242
267914297
196507
514230
6786
3842389
178
196423
7778742138
39090753
121448
1836358271
9227499
14948063
10948
514237
4807527353
10967
68948873
1836311958
17944
612
2971215450
2971226019
15762392
5942430146
1134903204
5705471
207364
28659
165597852
14930365
439204
10749957122
166926410
14941298
7778742050
7881196
433494440
10059505
20365015255
28657
4807526981
1851242255
9615053952
3842389
2618
39088172
12586269038
1134903170
103682
803742888
63245999
267914906
121406
17711
20365039731
102334160
46370
6820
268428525
157
2972561342
48952
832048
1135024563
5702887
4909861131
1300483311
63292354
267915283
433505383
241
3524579
12649515011
2673
5899305
1836316084
1076
320395
317955
63
435672746
439204
39602398
990
102334156
514231
842986
4202
7778742057
433494437
457652254
165580141
1598
19308
4807602001
701409110
832048
20365328885
1836312890
317866
11323
514263
37
196795
1836629714
1346290
3239129369
1357215
63321011
29034
2972047113
102334388
5702976
5168
4807648369
833637
200599
4414
75169
39088177
123
146
2971215094
1374926
4807527586
39105880
28746
318798
514250
53133
39088170
20365525303
2178686
4236
24989857
433494458
2971411491
39088546
39088177
75027
55
102351866
125574
42612747
2971215086
3524667
20530591215
702755002
2971216060
39088224
39134537
1300483311
46369
2971215162
46376
28660
20633239
104512464
2971219254
9227473
1134903780
102334163
411
2196020
17944
535828592
433494450
832095
24157819
9234230
37
514839
89
5703497
12587615294
318798
167761
1134905754
63246973
3525188
496740423
2971243730
2817
1138427748
9227468
701408741
14930496
1860469720
7841988035
236
39088224
701408735
1938646058
14948063
2971215306
5703264
4183
433494450
2728
5824280
832061
990
317832
13019763462
121770
20365011451
701922962
44791056
75033
57314
318044
2971215162
7784444936
24157851
234
28890
9227554
102335142
174807606
20374238539
701437390
7780920358
267914317
1836358271
3527162
53133
20365011163
234
12586270012
1836311958
433501202
15005377
17800
466
97
267915283
12591971912
196473
398
63252751
20365011684
267921061
39088174
75046
121396
1842014790
39088174
5702976
4807648369
46376
740496902
8046656345
2178309
4807527586
29267
4807527586
63263697
2587
2971215094
7778742282
10954
24161998
514284
165655166
1836311992
57314
764654719
1838490212
165591087
2178322
7778863442
1346502
20368535652
91
1346646
267942953
1135220981
5
1135099588
4808873245
2269806340
702755002
2971216060
1836629714
1135417399
1836311937
1134978195
1042
318798
24157961
152
1836314487
843
2971243730
20365028785
3525565
988
63247583
701408746
832040
267916880
24186474
7778742070
317845
701408734
969323029
196651
103682
63292354
7778742659
1686
4807528573
12588447334
1597
203183
5702921
832040
20365207492
1836312890
2605
2971215074
196419
7778742050
1134903225
1836311937
76
24157838
15126770
433812248
1134949538
165701534
612
710636198
46368
246
3599603
9227842
754
3524722
20365843114
24168763
17712
4831684793
121537
7778748814
14
105858733
9228075
39088224
878408
701483758
165597852
282844648
77609
1392637
3
701408733
15557484098
2182490
515216
145
1042
832053
5702889
364179
7778742057
4870772962
30254
18698
24157851
75026
46512
7778752995
866988874
514232
267914673
2178919
9227499
1346324
2178310
20368535652
7778742282
39088174
6534927
63246973
2178453
165580143
75059
1134931827
12589793603
267914330
165580374
6998
157
165608798
24157819
433523094
514606
102455548
613
433496034
1144130635
1600
832273
1346502
514284
433494440
267915893
1664080
5168
24204185
17393796001
701411317
382
4807527031
39090753
5702942
701409343
701437390
12586270622
2639
24158194
24989857
9238411
12586269635
24232842
117264507
1008
39092350
1363980
22
102338336
2971215128
267914298
10947
64078026
472582606
165580196
102334168
196795
1598
433501202
433494437
24175528
702240773
46601
47355
268746336
14941298
236
14930386
12586315393
267914440
196651
4807526977
3239129369
20467345229
24161998
20370713961
832040
21892
33385282
102345101
63
4270
63245987
24672046
46368
20370713961
701726544
1860498
76
833637
2971290098
832417
1346290
907065
16276621
5704484
1346879
3524579
28670
12649515011
39405980
701408966
63245988
102335142
5731544
196420
7944322190
613
198015
317811
17713
4807527209
4186
2207
704933311
317900
7778742050
1237237325
47965
5703120
1134903170
3524722
1836329614
3034461059
2178919
2692538
516813
28712
3720996
5731544
1374926
102334160
4558
17108661
102380523
8046656345
4183
63245989
2585
2971221838
39088190
589254
92
1836311903
1135220981
165608798
20365011095
1568397607
7778742050
14930360
1346324
75635
123
35422
40434438
12586279971
615
7
24157820
433501202
317824
24157817
152
23
832095
433494814
39092350
20798505511
165586906
317845
907065
102651966
701419679
24157906
11090
11179
39602398
1346290
317955
433497021
102362812
2673
433494438
3010303242
12586271609
11001
612
6765
50549
1135099588
2971336466
5720598
849751
1134907351
145
11405774
15762392
2584
1836826132
4807526977
12586783254
242786
63250167
2180893
147
17716
5707068
24157818
10951
433540805
433494458
437019015
7778742062
13019763462
14948063
267914299
12751849166
3525188
1860498
196562
121393
26336126
2589
102334155
2196020
2973393382
97
267914673
2253334
39090753
989
542886
2179296
102340920
2971215081
710647
63292354
4325
6643838879
701409720
55
740496902
75027
5702889
1631
20365086099
701408733
3571
12586275790
433690855
6765
12586269169
2971217657
18321
267914673
4807529560
6773
14941298
1134903259
5702892
1134909935
20295
4356618
3599603
14930365
5702892
849751
599074578
2178364
702240773
433494492
27682395
267914297
515216
102335142
5703120
701408822
18698
102334388
12751849166
267914317
29644
42612747
7778742057
20365015255
4807573344
165581128
12586269635
196426
832040
17108661
1134903170
2178317
318044
14930496
2971215078
39094934
7778752995
1237237325
132339
12586273206
1134903171
17732
1605
5704484
63245991
102334189
535828592
24475628
12586269059
2178919
268746336
1836316084
28712
1392637
1836508321
63321011
21
3526175
12610426842
4791
68948873
63248570
6020698
1839836481
166094370
19308
1364
433494445
832129
2178330
267914385
7780920358
12587615294
63263697
14930365
6998
317845
75080
1860498
29644
9227698
108037042
4807526978
20379941426
1028458
267914301
2496120
6768
833027
12586270012
328757
1836313500
3842389
7778742057
9741694
1597
17766
1836386928
165580751
165580146
15051745
335522
701408754
14930496
17716
3571
7778742057
9228075
204668310
433615830
1602
228826127
10946
836221
165897952
11323
4831684793
9227554
514839
196473
7778742054
197028
1134903204
27682395
165626509
196420
15248163
1836311937
7778742054
9227520
2971215683
102334176
121427
267989321
76622
20365011074
2971215683
7778863442
25172538050
318798
9302490
12589793603
4270
4807648369
1357215
392836
1346274
166926410
6020698
2587
1137081479
267
14930352
7778743036
15051745
4202
514606
1542687
2986145425
24158050
9227842
11090
990
196507
165581128
102351866
76012
198015
3528759
1837658172
24158427
24989857
5703031
39088177
3535524
157
1028458
1402817466
516813
623
39099115
1042
20404099243
75033
178
3525188
75038
39088169
121427
20365011076
14941298
3720996
317816
1346271
75028
196421
39088203
520994
514237
2178919
433494439
710647
7782266627
29
121395
433494670
1134903225
514462
8913645219
63442404
832061
63
9256122
31241
268035689
2585
14930355
28660
701408754
4807527586
317812
1836312513
3524583
14934533
2971215107
1076
433495424
18321
39088177
1845539368
7778743646
448424789
1686
20365039731
165580154
46402
1134903403
849751
66770564
24157822
1836340560
238
1346282
10573734
4807526977
7841988035
832042
832129
1836358271
20374238539
1346282
102351866
9227698
7778817074
48315634
196421
433540805
7778863442
3073549228
1421294
377
433496034
196421
434840706
2817
267914304
66770564
832042
268746336
1348853
2178398
90
165580141
1860469720
12586273206
1021
1402817466
7778788417
39405980
102
50549
75402
25504086
1134903403
1836311916
4181
701437390
382
282844648
165580175
39088258
128158
28665
28712
1974
14930365
2971219254
701426444
12591971912
94
12586286736
157
165586906
1836311911
33385282
165580149
268232107
521
3
165582725
121393
4816754441
1134903780
1134903191
514231
433615830
48952
64079
2179906
111561620
58
7778744633
2971217657
5702888
1836311911
9238411
165580196
4807573344
317824
75025
514250
68
2973393382
13019763462
2179296
832650
439204
39105880
48952
710636198
843
203183
4807526984
701408733
14930386
716339085
4973107117
1135099588
17712
1136249439
102334189
102334157
4807527065
14930360
1836358271
4807526989
32951280099
7944322190
12854183321
1134903178
24354235
610
39088170
9348858
267921061
15005377
17732
39088546
5508935709
2178453
102345101
5168
16
20365328885
46402
439197324
6778
267925242
26336126
1134907351
63367379
75026
203183
1134949538
165580141
166094370
63246075
267914299
63274643
5704484
320395
20365057442
39
15557484098
1134903173
1346272
866988874
4414
1836316084
1836340560
4807527010
1842014790
24158050
832061
434840706
2001892044
20365011082
9349
1042
433494439
128158
1134907351
126491972
24157817
9230049
2971217657
24158194
1686
7778742057
4791
611
1137081479
64079
4909861131
12586279971
32838
29034
165580196
2971215306
5709652
196420
6854
3524583
10946
14930386
15127
701411317
20365011095
24989857
31241
644
57314
4807527209
1845539368
2971217657
1350450
4807526997
63245987
3073549228
14931339
472582606
33385282
12586269635
122380
2224677
448424789
377
76
20365012061
5777912
24157825
36
87403803
76012
2971215086
1836311924
434840706
1836311958
4808873245
13019763462
267914296
63246363
63274643
47
1149833522
10954
1421294
1347256
1836508321
196439
1134903183
165580149
63292354
1134949538
987
68948873
3010303242
701408754
969323029
20365039731
267914298
24157906
9227466
267914296
1836316084
1134903547
3525565
433494471
514242
3672623806
1392637
12586275790
4186
10059505
165897952
1134903259
2185074
46369
4558
12586269027
4808359016
701408788
10947
2728
2971215078
10959
165584322
3524591
4807544687
235
5702889
57314
434326477
28801
496740423
514242
267914385
12586269635
6020698
2971729302
24158427
3010303242
4807602001
1357215
75038
46376
102338336
28143753123
267914309
5778
39163194
47965
123977
24
2972047113
75046
48952
2180893
24157819
701408733
704933311
11556
102334210
10959
7778817074
64078026
53133
12601199377
165581128
1605
2178314
5731544
4194
46402
2586
16276621
14931339
1149833522
6773
1134903314
75059
63245988
1136249439
1836311916
50549
12586279971
75033
46457
433494814
701408734
832041
701409720
3239129369
199
87403803
24158804
514373
20365011095
267914297
31241
1220
3194
267914673
46370
269260565
165581128
4558
514229
6799
63245991
4
514242
411
165655166
3010303242
8362
2971215076
267914351
121394
14930729
4807526981
9741694
46978
5709652
13721172195
63274643
514237
1159060987
2971216670
1134903173
141422324
94
10967
20467345229
3672623806
12586269027
46745
378
4807526977
39088258
1836311992
7779574089
1836311992
2971215128
832045
268746336
3524580
6766
703587042
1836311905
65424295
64079
39405980
267914529
317824
4356618
174807606
28657
21
2178398
46457
123977
39088258
531940
65424295
1134903225
320395
3524586
9227520
37
1346324
472582606
5942430146
433494471
46381
63442404
121626
125574
1134949538
8
24175528
68948873
77609
24157851
97
20365012061
701415498
9545276
13721172195
9227609
1350450
63248570
5749255
165580162
4184
267914317
3524591
2971215217
5705471
1346272
860697
15005377
12586269402
46389
1134931827
12601199377
10947
117264507
102334176
39092350
9228452
701408736
15126770
7778742051
1836826132
63563797
18454930
1860498
2537720636
12586269046
6770
24354235
121537
39284587
75025
390
12610426842
7049156
514250
7778742104
1860469720
76622
17712
4809705285
1134903178
267915893
2639
1741
28658
433494471
7778744633
665
14930352
832184
2971215075
12586279971
198015
102335752
48315634
20365012061
716339085
514839
382
267914351
89
701530126
5713833
7778759760
198015
165591087
39099115
398
9234230
20365843114
14422580928
3524580
267914330
87403803
1300483311
9228075
1599
17713
165591087
433494814
9273833
701408734
165701534
7779256278
214129
94
267914296
267921061
24157961
4181
196426
12586271609
42
92
5702900
75258
2639
14930352
1149851
12586273206
13
63247583
14930357
12588447334
10947
8212236486
24672046
434008666
1135735210
612
516813
46371
2971215128
3531343
1135417399
7778746230
17724
531940
832048
63245987
19308
1860469720
20365011079
2587
1364
17855
701726544
7778742049
1836312136
60
1467662
268035689
321992
7793672401
6770
514229
24157822
2178453
7778744633
2971215450
589254
4807526978
149
514318
1347256
12752043
4038807
4189
14930354
7841988035
9238411
39088171
75258
1838490212
433494438
15248163
5702921
14931949
10
139104
24157818
267914351
15248163
3034461059
1836312047
14930357
46601
9227473
382
75030
17716
147
167758450
121396
14931339
75258
4791
63247583
7841988035
665
2817
267960664
198015
9227842
7793672401
7802899866
4807527353
24157838
433494492
3599603
132339
102335142
1028458
196439
398
46371
1135220981
2971219254
317832
1938646058
615
7752
4870847
1134903204
4270
2971215074
12589793603
165580154
5703497
267918477
12688603180
4807723394
12586390418
4807527586
317811
46371
710647
165580141
39088170
1652
57
12586269033
1008
79206
122003
20404099243
2971215081
12586465443
6770
1134903780
4181
165701534
515216
4182
21499914244
1836313500
1220
63245994
1836826132
4807527209
3524599
20365028785
20365011074
665
1144130635
1346290
701412914
842986
165582725
439204
267916880
4807555633
9227478
2299702
14930355
267915893
13530
196418
165580162
267960664
11405774
6820
267915893
18321
433523094
838805
90
7778742057
7779256278
834624
20365525303
20365022020
1134903204
317813
102848384
589254
20365011129
433540805
4
9227554
2207
833027
9227470
15557484098
2374727
1599
701409110
27682395
4807527010
14937117
28678
267914297
803742888
7778744633
21
8913645219
2971215075
514318
335522
990
165580230
1836311937
103682
3542289
5899305
15248163
3524583
102362812
196426
514250
3524612
7778742083
9227486
2971232784
702755002
2673
1836311937
20365011307
701408767
843
267915283
10749957122
832053
75038
20365843114
317955
9227554
63252751
6766
20365132467
378
267915893
725566550
39163194
24157906
20428257060
12601199377
701922962
24161998
102530573
24186474
1134920881
63760215
4186
701409720
4809705285
103680424
11405774
716339085
4356618
166926410
5702942
4807527209
14930353
102345101
165580196
7778742282
2178312
15762392
2971215094
7778742138
7841988035
85971
12751849166
4194
20365028785
65424295
20530591215
63246219
12688603180
14930360
63246075
5702889
4807537922
4973107117
28658
2971336466
17719
12586269027
1875400072
514237
4807527065
17800
214129
4807527120
2178343
1598
196562
5241021413
317814
236
1686
1836312513
103682
1134903175
165580374
1346274
7778742659
1618
165580146
4807527209
317816
2728
196420
1346274
4807526977
328757
1134903175
199
238
29
277141761
121393
270092605
4809705285
3720996
12586271609
12586269635
57
701922962
15762392
39163194
1134903173
1220
180510493
644
433690855
165591087
2586
3672623806
3553235
1597
24164582
3571
7778742104
514318
1134903259
433494438
58
317814
63246973
102
63563797
12591971912
2299702
28665
9545276
63245989
75026
5702942
525175
7778742050
702755002
12586269258
832273
378
20365328885
63246130
121395
613
7049156
4807527120
2178919
267
514237
6786
28659
10947
14930373
214129
24157819
3073549228
24157872
379
16
1836312047
20633239
1134903314
267914299
321992
832074
63245989
63250167
75026
701605151
102380523
521
1134903183
64079
433496034
611
24158050
241
94
24168763
2178330
1652
2971215094
2971232784
48315634
1845539368
7778742426
21066419807
9423883
701408788
24161998
1860469720
2971215086
7049156
3599603
121401
322
832095
102455548
2971261441
515826
4807527065
1135735210
7778759760
267914301
35422
988
1237237325
18454930
254
1173991339
1134903170
2692538
1836329614
433569462
4807526979
2178453
5707068
75025
849751
4807527353
3073549228
1347866
12586270012
14931339
3524811
5702908
1836311916
7
24186474
1600
23
2618
1134905754
166926410
20365011075
121394
214129
102334532
7778742051
39088779
77609
22
10959
433495047
15248163
103682
5168
701408735
12586783254
514234
710636198
46373
18088
63256932
516813
699
102455548
4813229863
12586270012
39099115
44791056
10059505
701415498
63760215
63245986
165580154
75028
7779256278
5703031
701408736
20365086099
1134909935
196562
433494445
20365011074
102335142
317900
271443
20365012061
3
92
13721172195
39089156
15444581
12586783254
2971215075
3570946
4808041205
5168
267
1134903547
39089156
10573734
165580285
15248163
1610
14948063
514263
1134903175
514318
28657
701455101
12591971912
1838490212
165580196
23
123
1899557889
267921061
701409343
1134914116
268428525
1134904157
4807529560
398
165580154
48952
992
3526175
1392637
433505383
20404099243
7752
1851242255
39088171
24175528
12586269080
1346413
9423883
1347256
7778742050
56
3599603
63442404
1134903171
3571
433494450
1346274
703587042
542886
267914298
39603
4807537922
29644
4807526977
39088224
102335142
39116826
29644
832095
108037042
75169
9227520
1347256
14930441
435672746
2971243730
17714
4822457328
4558
105858733
2971217657
2976917960
5703120
320395
842986
24157830
623
9256122
268110714
3073549228
1600
165
14930357
14422580928
1836311992
4414
1836340560
1568397607
1600
2971532884
273617183
4846615145
75046
20365011218
39089766
9227467
234
317811
701411317
39099115
707111620
1134903191
433494458
122990
20365039731
10949
701411317
198015
46376
267989321
6773
317955
292072113
319408
11001
612
1664080
282844648
28678
267916880
12591971912
64592255
24157825
701605151
2971261441
1836629714
1836312890
4558
17724
4270
307002465
9227554
1836358271
2986145425
701426444
3524667
267914296
39
7778742052
46402
24204185
1836311992
317814
433690855
2179296
832417
3542289
433523094
3525565
13721172195
3525565
1134903175
12586269038
189737958
623
12586273206
39088779
3524583
32838
7375
63245987
121626
701408754
46745
4356618
63274643
28658
39099115
2179296
18
2299702
196420
1837143943
9227554
2971216060
2728
214129
42
11090
13721172195
2269806340
27682395
317866
518410
7802899866
267925242
2180893
123977
8480150782
235
102651966
5702900
20368535652
701408734
439204
599074578
12595496490
17716
5703497
832184
20366357343
12625357194
19308
6909
1618
514462
1134909935
7802899866
20365017839
2986145425
28670
1134903204
12586269080
702240773
832129
14930357
29644
17716
9238411
76622
39089766
12586275790
1237237325
836221
91
1836508321
5
39088170
4807526978
834624
9349
1134931827
102334244
2207
149
89
1346269
207364
121401
2374727
7778770706
10749957122
1144130635
2618
2692538
2584
65424295
364179
1851242255
39088203
2269806340
1134903314
196473
12586269027
4807527065
207364
317819
46601
75114
254
1836311906
46402
37
24157819
701419679
199002
33385282
618
20798505511
860697
20365011095
1134903173
2001892044
63252751
11179
2971336466
9273833
3720996
165580143
1836311906
832048
25172538050
832184
63245991
2182490
63252751
24232842
165580149
1845539368
4807537922
33385282
701409720
102334160
1198149156
10573734
267914440
1134903780
433494670
1392637
701408738
39088779
271438874
267914906
1836313500
832041
4807526977
466
2179906
379
631
3136795214
1836311904
3524591
54018521
6820
2178322
1173991339
228826127
24204185
12586269114
75038
838805
197028
2971215076
165580143
5702890
442721902
1836316084
5703120
317816
701437390
4182
11323
63246041
4808873245
57
701483758
433495424
635622
3524586
24157819
7778742057
11
4807844787
121626
20365011163
20365011108
7778817074
1134903171
1836313500
196795
754
20365011095
17766
292072113
1134903173
2179906
1198149156
1000
2189255
433690855
433494439
1836316084
1836508321
9423883
267914673
12586586836
267914304
1134914116
370248451
1836318668
1134903259
20366357343
433495424
9230049
207364
1346277
57
50549
6643838879
610
4807526977
2971215094
1346324
102345101
1134903191
189737958
76012
46370
3239129369
4807527963
39088313
1346274
12591971912
433523094
165597852
5705471
331160282
2817
4791
1402817466
2971215094
878408
7779256278
5824280
9227465
7778759760
24157817
267914301
121537
102362812
75025
3528759
3136795214
102345101
9230049
21
267914351
433505383
433501202
2178314
9227470
1135735210
18321
1159060987
7778742054
611
121393
39088170
63321011
39
992
1159060987
514232
63252751
17745
7778752995
5703497
267914296
1134903170
39088224
832184
1134903204
63245988
32951280099
24157818
267914317
4038807
7778742659
7778742104
20365086099
318044
39602398
9229062
15005377
4831684793
7778744633
2178343
1159060987
14930729
1741
1134909935
196423
7778742083
122003
3525565
14930496
46389
7778742282
392836
102334210
7778742193
63246041
843
2971215086
20365013658
8
2971215075
12586270622
1300483311
701408735
1836312513
2728
117264507
17108661
5707068
2971215086
54018521
701408877
9227478
24157838
833027
102334765
701530126
20365843114
7778742049
385
5508935709
2537720636
832095
12586269030
701483758
17713
995
7778743036
9245176
4807526976
433494450
165580230
317813
3645971
20365843114
433501202
267918477
542886
2971226019
836221
9238411
75258
12586269402
3034461059
28678
3542289
2253334
147
11001
3524633
514462
267915893
63246219
102334244
1134909935
75025
1134903173
1346502
2178322
433497021
103682
196651
866988874
514229
12610426842
132339
6
442721902
1346269
1134903204
433498618
4807537922
105858733
39
35
644
267914317
121770
1144130635
1134931827
631
2104226199
102334163
1363980
9227842
12586270012
150050
12586273206
1842014790
8913645219
1134903403
121626
520994
2178453
701408877
1135417399
701409110
9741694
969323029
4356618
989
63292354
5731544
1836311906
2178314
346468
132339
860697
4807537922
24157825
14930441
1597
1392637
2597
701408736
1836629714
63246596
520994
64078026
631
472582606
39163194
267914673
14422580928
267914298
267914440
7944322190
1836311904
20365011684
146
267914299
3645971
860697
665
24672046
439204
433495047
102334155
11090
19308
832048
2374727
63245987
17800
3524579
39088546
24160401
63246973
267915893
701408767
14930585
267914317
4194
3524811
2597
22
165580143
87403803
24232842
267914297
97
2207
10959
836221
19308
9741694
122990
25504086
12586269030
60
24279210
1134907351
514284
4270
442721902
78176338
60
2971532884
1686
6766
39602398
273617183
3524581
75402
1836312047
2971261441
121427
196439
3034461059
4807526979
28712
990
111561620
390
7778742104
21066419807
370248451
63246041
63245988
12587101065
3645971
4194
2374727
433496034
10954
165597852
6765
4807537922
79206
28746
267914440
4807526981
28657
5702889
433494440
2971290098
12586269033
165580751
1140606057
8
515216
531940
1134903259
3404709510
10954
2971215074
20365843114
20404099243
379
4106118243
701409110
15557484098
39209562
434326477
878408
2971290098
1346277
701415498
7752
514462
166926410
2584
1836329614
12587615294
9227486
370248451
9228075
4807527065
39088190
701455101
14976720
433494438
1144130635
433494471
1140606057
121406
2179906
165597852
448424789
18698
121406
398
28657
58
104512464
832061
433494445
5702895
9227466
989
2974739651
9302490
50549
17800
1836340560
20428257060
1134903172
196439
17393796001
23
65424295
9227486
433494526
6773
63252751
7787969514
2185074
102345101
10946
1076
1137081479
1631
8913645219
47965
89
39088224
14931949
12586269030
90
6909
8046656345
24157830
4807526989
9227470
28712
1346282
3524811
14948063
1134903191
39088190
6767
9273833
146
3010303242
514263
535828592
4816754441
3524583
24158194
953433
6909
988
20365011077
65424295
9230049
1138427748
31241
117264507
5702889
9227520
1838490212
46376
63246596
165580175
1076
200599
9545276
167758450
2971215128
1138427748
7752
4215
1836340560
716339085
1198149156
3524580
1346269
20365015255
63367379
39163194
102335142
5707068
2618
10949
9545276
17108661
20633239
29644
832042
46370
63246596
15126770
8212236486
165580142
1134903171
29267
2971215306
4189
7142
703587042
39134537
18698
2971532884
1134914116
6217116
10948
390
267914304
39088203
63246219
3524955
514263
32951280099
12586269030
514231
5241021413
3553235
103166195
92736
2178322
701408738
17724
28678
1042
20365843114
165580146
102362812
4183
39088177
53133
5777912
203183
11323
1875400072
20467345229
7778742138
5702942
8
24160401
701409343
12586269046
2178686
12586269025
63256932
39088169
1346646
2178453
2728
1134903314
1836313500
68
48315634
121395
4807527065
9256122
14930353
1159060987
18088
2971290098
28662
149
196795
63367379
5703874
6767
5703874
28691
66770564
5777912
267914298
1135024563
4807526977
30254
3570946
18454930
267916880
39099115
4325
2971411491
4807723394
5731544
515826
514839
39089766
1836433296
165580175
147
102334189
28890
318421
1652
318421
46389
515826
11179
2189255
4807526976
12586269080
236
832053
12543
102530573
63245986
24672046
17800
2971215683
14930365
11001
318044
20365086099
17745
234
63246007
2586
7944322190
1346270
1836311992
2178542
434008666
28670
9423883
78176338
1836340560
1135417399
701408733
28746
5703874
122380
433569462
165580285
1346502
165580144
4807526978
433494450
328757
3720996
12588447334
4807544687
102334189
317813
5703264
78176338
4807527010
39089156
1347256
16
1836312890
7778863442
2971729302
22201322977
7778744633
94
15
4807527031
102336739
21892
3527162
28660
165608798
2178310
2728
701408741
3526175
9238411
12601199377
392836
28670
7778743646
267914317
3525565
65424295
10946
433569462
9227466
4236
196431
3672623806
2182490
9245176
174807606
6
1134903178
14941298
75025
12586269114
165580374
132339
1134903170
102334299
282844648
599074578
4807527963
2592
4325
992
46402
2692538
75258
320395
63256932
63246075
203183
20365132467
10954
1134903175
8046656345
1836311911
102334388
1134903191
9231646
701408734
178
102336739
6820
165655166
12601199377
318421
102335142
3553235
3524612
12586269258
1134903780
1134903225
521
167758450
12586269030
63250167
2207
225075
3524581
832040
2178309
34
103682
1836629714
1836311911
7778770706
24204185
2374727
1346271
5702921
20365011075
64078026
288
2597
46369
8212236486
171283028
701409110
14937117
18321
14930352
4870847
5749255
165701534
46370
1134903171
14941298
433494450
7142
46369
122380
75027
878408
702755002
5942430146
76622
267914330
1346271
117264507
165580230
1851242255
320395
379
4106118243
754
24232842
13
1134903780
2971215081
1836311904
8212236486
317812
439204
8362
4807531157
63563797
14930352
102334210
20367189383
121393
3842389
1467662
2185074
2537720636
271443
28658
2206966
102334189
5749255
20379941426
390
15444581
370248451
235
3672623806
8212236486
9227554
7778742070
1350450
271443
9256122
203183
63245987
121394
75169
9348858
9302490
4973107117
24157820
2618
189737958
1836316084
46389
25504086
102334532
832061
370248451
197028
701408733
3073549228
