1
5998 164
86669 78999
51257 52013
51952 29153
8281 91462
93918 24771
86503 80942
40262 36483
96900 29138
65626 4104
37187 15665
21032 16677
26790 67844
70763 64527
40064 36244
32386 53681
53561 41707
64420 73310
74586 62875
5687 20983
4556 43887
21616 36968
56011 33258
6644 20211
67467 89138
99124 5143
43262 29631
69359 38959
16113 59963
70911 86265
92417 26841
63128 72786
13875 10303
9788 44011
49938 95598
13422 61454
10445 34190
89069 99726
22523 14274
23499 10392
28921 57977
69106 59254
7493 36836
31023 58930
99155 31346
758 60042
4445 85770
7305 8893
99769 81707
40243 76057
21216 2592
40019 31552
1151 75213
24145 83299
34442 19956
45216 40565
68866 11675
12224 42114
86122 90593
46672 51118
97897 32167
42009 8658
34909 27944
2050 61373
24985 81166
5163 55781
6486 30422
17108 54011
70460 27522
55666 63241
17988 24877
99940 40920
59177 26913
56228 70341
44283 50192
5777 85572
79800 32484
2080 48261
40360 82860
24933 11383
57553 67455
72350 63461
2023 28
30279 34105
78172 48484
62829 7960
45988 21533
42434 87067
81702 23980
4263 57859
22740 65430
19651 73197
48790 36585
13585 52672
59935 58469
85427 8075
69665 43982
50539 68706
71758 13851
46798 45445
38309 47868
32933 97169
95049 19116
8720 24115
23950 42624
91060 57339
40369 28471
20831 4966
87530 63424
82679 83396
60800 38295
46530 32849
23978 13636
94176 88734
71468 84475
2209 88925
63 80903
70031 60505
88820 47720
6935 96918
3983 25319
28185 79230
23289 95732
79366 5628
2192 17245
65260 27385
28200 20969
81938 49519
89139 51184
79788 57596
42407 14515
77284 15013
82258 36121
76185 70803
71366 69756
13864 21989
4265 55389
88049 95165
6214 99287
37682 27414
98482 84625
90364 21609
74796 66216
56594 35233
56951 60324
6263 89070
90275 56288
82924 33456
54663 44924
79694 85435
24746 63647
50928 76933
86125 50978
9362 90745
67835 24568
48611 35805
36577 70768
47949 73903
67894 19240
41686 82000
47357 66890
54429 29245
49563 46841
65513 59041
34869 52075
70387 87110
61008 75987
79114 21722
84676 78438
1887 61935
19878 2402
98995 59343
30385 92241
53359 22665
71453 99851
15301 74344
70 42461
44743 63951
64474 84266
97219 32946
29019 31556
81878 49299
51278 56390
84227 65536
46649 24764
81787 46633
92408 73826
89563 18196
6312 54221
38823 48171
92821 21505
69011 2412
49494 7762
523 19595
51164 60811
29967 1759
585 72566
74663 71556
78281 45651
79890 47722
91963 74607
14939 69811
32510 57939
7634 86127
2324 74659
68403 79201
97675 12138
17609 57150
15882 55798
20748 95145
79851 87942
98382 77376
5531 95438
40803 56824
44755 36874
46324 77746
96452 23304
47663 82898
23822 61029
16959 34788
61930 54808
91672 25404
14036 85344
69366 71856
71541 10252
7002 75654
63015 34986
1901 42495
19493 4049
31670 82643
4517 17371
41738 61842
37655 30916
32520 32413
53413 23361
2842 70229
4166 42990
49497 42044
29178 48149
11589 76297
21020 38958
30812 52775
5007 98234
42540 39083
90521 77800
41625 2583
43048 95962
79650 92656
84033 23291
25430 88727
33098 53265
38600 34691
43919 64113
98206 93097
29868 23021
46744 12240
30736 53977
70228 22141
83039 2032
20316 6876
59814 6864
94394 20276
52051 38366
53233 53866
47338 46245
33240 17152
36256 34536
60040 97133
28500 75680
55160 32433
58528 38517
90219 80828
90760 26678
97586 18468
41926 68007
18196 95137
12845 4429
45648 14310
39359 61429
31728 91440
58569 38413
72196 23591
4173 5557
32292 76859
82903 30745
31360 60925
64315 83337
52070 28379
55924 97006
64950 99999
1808 43609
92514 20323
4825 84370
46856 18780
52119 48803
18129 664
72318 33294
33609 81129
24489 38594
20204 25455
92915 4023
90597 69596
54979 46499
88529 31827
65267 29693
90824 88711
93965 99559
42250 54223
6060 29843
86064 69607
16562 22641
30910 2174
73457 80584
99045 84273
32050 30480
378 80188
77947 12231
57323 77433
78285 5387
70537 98338
69728 12464
1519 43429
6164 47780
58547 95995
8350 46322
76866 74788
64155 49848
93419 30323
80167 33813
95497 36788
66209 44422
83995 31756
86393 10380
45114 8734
73642 43667
33092 4252
36628 34615
97762 59356
20772 28517
61480 33316
17369 66195
77390 8385
71970 81696
46494 49730
60976 32036
94773 98689
39407 87419
12359 82090
8001 87982
75722 87662
53447 24676
13795 21485
15554 53997
54689 43050
15215 29547
80537 8534
66692 71123
87761 20011
62749 1930
69772 68841
33464 48534
65753 35379
90495 33954
45228 71660
63382 67665
49927 85442
26508 20271
49480 42980
93932 80708
31569 4512
24789 54315
47290 70664
95349 77809
66951 90999
86531 13431
14617 76082
79224 98644
580 64773
93963 24414
7707 81868
79367 13526
41679 2573
22 20355
52126 78006
85803 78519
9896 45249
22389 82182
24715 14376
19836 27365
51201 37177
69017 83839
793 23230
3942 67415
90574 12814
98413 39317
11581 90573
79982 34921
3937 54774
73604 6772
68738 78886
40453 81129
80471 53169
39537 21721
9365 96873
62793 76797
5506 27260
68778 74372
18280 69380
798 26111
11698 19357
35392 1790
3141 44718
44968 87465
11673 23101
31051 80706
88705 11153
74329 12421
15977 4181
78131 39868
51785 87377
50759 61381
90919 1072
4338 71986
1351 60051
41765 41987
27167 23279
97080 36005
76616 64652
55586 34467
90781 62677
60295 80623
86901 86397
85460 94560
40960 83329
51424 44637
7111 36432
81641 6728
66724 24280
89030 79620
97803 95477
80014 94472
13373 24775
98555 79592
83504 46789
21328 44681
12265 4230
28964 69054
93818 52867
77873 45136
55507 51252
54505 94500
69129 3343
55580 38545
67682 7014
76021 25766
38471 62611
43687 85734
7050 67929
9187 65567
86247 51636
93599 77872
36556 65858
24 45642
75800 81463
48699 29748
45685 74942
15875 92607
11572 64382
22784 77904
55074 32702
18014 1804
32941 30725
42038 99135
57692 89355
15413 39832
9400 30162
65439 33443
13408 66778
69981 10119
58139 52534
95077 64287
29505 42465
25546 44988
79267 21308
57486 92877
61642 71704
27161 92134
35364 419
52273 39003
87676 40140
35514 49410
85659 8849
77119 48462
15345 48588
21015 17608
65056 78380
92513 21626
35087 16931
86858 14598
95563 72154
25895 63778
35938 43071
39582 48279
23490 41117
3087 21257
27386 10350
14852 69032
44202 62117
18361 15048
9055 39192
42603 35433
40281 98094
52756 44080
70300 78689
15548 27868
13141 54601
54683 86946
18335 54668
76102 16663
30953 60829
84916 48179
66149 42900
79142 98108
53 31613
87559 81548
89732 19991
6831 83993
57266 46719
1705 20087
93179 73127
1102 24509
74991 44671
96094 69503
84066 59751
62077 80015
4325 91318
98801 91965
26129 5218
80514 12052
44462 97344
15877 39570
21549 10620
26157 22145
41760 93327
22918 43107
31486 66324
37848 2118
26571 98854
15272 71068
54970 82566
53099 89878
77233 28374
14646 96611
67134 85769
32491 15702
72197 71704
78521 10548
47501 57037
93620 42241
5774 65518
64090 86705
82430 2517
21538 24533
18517 18051
4452 43857
12764 57895
66528 19929
86427 32595
86347 75749
779 73421
83450 4894
45208 91482
52925 24890
2047 95810
91741 75653
88640 11447
16103 31238
96462 45305
66037 98541
48608 62822
45378 11654
8147 82536
29251 10177
51539 14968
83424 87241
71503 50910
70385 50651
85677 45954
48939 61352
72379 61837
28537 22533
2829 22163
98720 40497
76955 74609
34778 66326
65713 82837
35817 55482
97741 39050
64838 18787
31908 43580
20048 94923
37600 89585
28748 28894
4505 50474
37817 3802
63800 88576
48269 58913
14743 59068
91155 46647
72817 28974
13927 94285
39320 55099
97672 12548
73102 38689
42826 6889
96764 29527
90140 91499
62512 89493
33834 75317
10595 48174
18132 21355
48910 57194
49028 91536
94913 65133
101 52589
66016 49751
53860 29604
72750 50592
71120 14071
90971 53942
96798 33025
81682 99210
47470 80844
8978 17443
12629 68695
1123 35867
10583 56807
6681 35947
77467 33471
2544 39003
4880 11473
59871 62701
43672 68312
7638 59257
61714 70449
18986 91471
67992 59030
23038 59398
42867 97618
37071 87241
36480 53543
39649 7957
67483 74724
89855 51967
12060 87324
98620 33347
12612 43246
77165 64125
10876 19231
49431 6254
43703 56663
54401 60177
8815 78179
75358 22033
41269 33489
25985 34508
64968 27270
83991 63276
33726 57545
81978 52561
94134 7014
93433 76836
15538 96449
59360 91795
18499 73596
46749 65510
56909 8895
78166 7166
56582 26979
69587 77122
31415 16574
38114 83118
25161 76291
37262 38555
36049 4431
98152 7063
49972 35335
90486 1226
99819 18775
44398 2962
99916 14442
45201 95557
56511 40949
80345 71743
70544 95850
72550 64792
39689 84541
68261 80118
8400 28622
19261 29601
15996 79918
59564 13938
79550 66511
83060 36838
60188 44731
45449 72282
24675 22059
19470 6119
94529 81758
57735 56591
52634 60499
91869 10883
98195 1533
22487 17672
13410 39868
92962 52236
41015 32078
50758 49228
54416 20966
77577 58170
45096 66917
82875 38541
75636 31426
80299 77712
79306 73570
32086 75033
71278 95425
1621 14022
83763 91982
38545 5843
1314 20577
90870 66268
98240 54465
82872 68658
25231 7979
35874 76921
84717 68030
61688 52172
44252 16910
67502 15509
58285 74519
27721 76333
11920 17273
49706 88115
8173 42966
71623 34360
33435 86234
33883 63430
11474 59919
16124 1091
19584 30745
26456 41082
69381 34333
3815 88399
22323 53912
73532 81034
22987 92696
40798 5459
74401 62366
90031 10934
45273 75179
29330 24049
80701 37339
29255 25962
31202 98840
31627 31343
35988 93166
83348 42127
44440 27150
68424 82490
25741 9439
83586 33493
5130 15316
47336 75429
78584 54726
65925 53278
59006 42270
8223 48181
21715 22147
29665 48857
94283 98819
93826 89869
53457 23034
68163 23804
18105 46717
15076 71091
78416 41913
72419 96974
3154 10659
66596 74362
75291 70180
55508 50949
64533 9148
93921 69077
66868 28900
39737 72524
32765 88754
13894 26513
94822 95796
51057 46512
42395 25474
10123 91875
98050 40615
32005 42915
98480 76847
4262 96048
95042 10153
6850 13384
94789 75764
50014 91759
56884 30056
16344 47458
43551 716
30226 71271
85512 76659
2455 24653
17447 13810
9969 50837
16232 60919
4258 77773
8508 16209
22294 44710
39660 60267
11028 47846
37239 36650
69095 7271
18163 38623
53445 29699
28325 4427
31694 92010
2778 39771
44721 45033
64775 2530
16784 27557
11325 71187
48053 29609
21211 10027
25693 75116
75806 16430
82790 59127
66214 19052
65183 22965
14989 8072
66169 52099
18796 43962
91700 8211
37759 43018
3284 91827
71357 25281
44218 95730
45999 53579
45153 35038
50927 72711
16297 5509
55807 20048
40586 13105
81866 61124
77742 31565
77455 60826
27199 12230
18557 3955
30735 93130
53625 74715
47583 2186
20892 89869
79236 11400
55156 68651
65359 64705
22314 2906
98439 25176
79054 88993
24698 67197
25917 66565
90181 81808
46414 72692
48834 86443
77722 164
54140 63308
62632 41230
20923 88894
44983 33916
61462 65268
78667 19314
18085 29233
2358 84284
57597 76810
65510 88724
76056 71441
74513 29420
48480 12322
21183 88947
54671 37790
40255 54093
93820 76997
60509 39839
89838 68281
21496 54454
36731 27512
16062 71409
17241 80344
48351 50096
86814 21053
34467 78335
35424 89043
28238 53857
38369 25889
58551 9101
30037 4929
83935 831
87522 2398
96109 48372
76873 81842
80117 5048
40923 61671
32943 91432
98274 52362
41601 63280
83711 31277
93069 64509
5881 51980
79183 98989
81814 56206
94267 27046
85089 43743
19562 57848
82296 39788
73636 43240
50842 42759
80366 30548
21162 44757
83413 65189
30525 33615
89865 99951
59146 47426
49918 57823
50278 12772
10477 58520
18098 96176
29472 60992
87192 20687
75434 34788
47676 10274
69706 25427
18785 6830
86862 24406
95897 47658
14094 4923
51865 84417
55227 54496
72725 89178
64031 65150
28302 83516
61208 27443
4185 97764
63384 60521
43502 69504
95165 60246
98935 20476
84763 24004
12360 91937
39217 99861
6898 60354
36001 49886
17618 44043
62369 67433
82137 67414
70107 72659
59392 86946
82640 64572
32692 73029
28101 90991
7822 28643
84387 1565
85666 45401
99203 86048
17926 23307
70874 13761
50762 33406
61305 45702
75789 69006
24252 98784
70094 52416
58652 27077
37496 68477
2073 35928
82091 71859
40000 5632
10591 6519
22668 61758
54293 14854
35720 8146
4986 87368
62648 96789
35487 74564
60281 36037
61125 91991
72235 49787
54030 17253
71540 98377
16016 61050
90449 43362
51584 97931
18788 44782
76785 26664
6115 97043
40033 15607
6856 66949
50826 38524
77127 48975
95224 64708
46340 92744
8571 49543
55878 2781
68308 2076
71870 62346
61847 30456
67950 80460
42278 74396
82426 23331
26163 11796
64539 49204
60926 50623
56489 85358
45697 18507
95449 68245
24672 485
47870 9842
5814 44943
23980 34777
2058 21926
51402 49974
4447 28319
68285 24282
85238 79405
96813 3678
39692 6208
4535 64180
5505 88057
78320 85724
29253 23603
72775 81874
64191 12051
33924 5921
70324 65493
81560 93535
16436 80724
18630 89144
57785 56520
99367 5226
24389 70157
3628 48871
67356 39269
51282 73186
40570 63687
15352 25419
83729 86894
3801 69836
21974 99517
48497 15548
94573 28864
67886 88136
76895 70092
648 49578
9737 20325
82561 96508
80350 1158
86313 55105
66998 84979
89743 52673
12777 68303
10035 57773
52559 12384
4940 64527
74912 34900
96060 34758
77040 25807
9661 45425
52079 27660
30917 10532
22255 23869
78376 96107
76434 1240
17791 93546
84712 21196
42670 22673
49630 45454
55443 7001
40160 32274
68702 78365
69470 52716
77452 42991
1041 17597
36483 38531
99492 72192
98894 30106
78507 8711
46612 48694
13932 28531
35062 87900
38107 88044
99142 44635
34736 41405
81969 44912
13337 31073
93393 95200
65590 67449
98807 74738
20223 61046
99495 17222
58192 35475
73794 57646
33183 47235
16755 94322
44651 58551
5354 56509
46220 677
22588 95561
11809 24527
98897 9979
38468 29651
64819 51619
58068 32296
24688 18663
23592 39144
690 4433
55309 9392
70993 6207
87631 73859
21782 52052
84034 30530
23106 88367
67977 39833
71787 9026
97019 67982
58033 72970
53543 33169
10513 17737
33789 86377
37475 6466
29397 11339
45088 52828
70327 81389
57745 12966
15133 53516
246 65807
12956 8931
40500 6290
48794 34278
76020 53053
73153 48506
33935 35408
13121 81081
91933 70343
89321 17524
28835 67418
74152 11120
48476 64542
88023 82976
54515 70569
85804 80376
17042 96628
15981 23806
8354 79304
70891 23203
23775 23449
74165 42868
4026 28411
78465 33234
8283 17759
30682 78559
79805 43683
97572 88960
32094 41966
7590 85110
53337 68291
83562 60727
4915 6484
15209 63968
82391 93415
76209 21685
82685 30279
43307 18898
35108 21669
87938 85745
3166 5818
21556 40231
87916 42261
64384 79973
95462 18471
84465 64252
1352 53394
45591 95506
95270 32583
96675 99450
21551 67112
6900 4875
67694 59533
53890 16539
27284 25800
9186 66582
13853 93048
70744 37640
78723 46871
86401 84805
38716 86508
29559 70234
72361 409
999 15568
96051 20604
9913 32253
53927 26265
41134 29144
98880 68496
67889 60859
53229 85871
7809 25859
21104 9267
76758 75407
7438 28902
58485 4914
88205 67386
6559 91506
73931 39562
38925 56237
59686 91741
15402 97179
79195 33672
60646 96751
40637 28003
88665 9561
68629 9100
7811 29953
50698 35427
35152 2052
68463 3323
62324 13669
461 30190
85426 49919
89883 47420
82279 37782
40884 93883
63757 34285
64389 48074
99082 19822
71450 96573
96166 88987
69754 63030
3104 34496
25715 34202
55432 63434
95653 73834
66753 91279
62069 21382
41071 53797
35356 55508
53373 54055
57605 24005
37796 83641
92014 24831
6287 81111
32498 60790
1797 17923
42716 60481
30973 32332
34414 4560
75053 71397
97876 23676
26253 57142
54358 93528
52760 80324
70832 94066
95034 44132
33114 29942
93726 71774
98916 50274
86147 15460
98893 87022
37836 35840
25420 98528
22852 50853
12428 14519
83934 12943
33201 80583
64363 17801
66246 38784
26984 58461
24657 3119
77242 32364
59944 66662
64182 31227
40791 73739
93177 41508
26479 68181
32656 52368
32708 70528
7469 15636
53783 55343
84266 77041
42254 79964
47796 99731
28730 43795
30565 38499
84347 33686
80672 32920
25279 76844
90511 68176
57794 3708
42757 68074
9900 54650
50239 61975
85735 29563
58516 22497
8393 8726
60058 8921
5125 54135
26683 30997
17596 61940
88012 71554
76563 56568
66128 87372
95751 62593
37171 93166
40525 56576
11020 84009
79622 86681
68924 85939
76853 21060
86655 18403
42854 51949
90544 21254
15776 11394
59088 36762
7704 5371
57945 76135
95011 23171
6149 93012
20827 60483
62692 65463
46673 31619
51381 32142
27187 23438
10178 1884
11566 55327
60679 86209
78545 24814
39578 17900
28695 63560
86634 70223
8872 40635
47701 88440
83000 40777
33022 92490
7429 29451
7004 19113
5831 76406
90580 70949
92460 78937
91776 41186
83683 94499
42807 48921
32696 8451
66041 36445
4745 53190
72005 8908
18904 9271
29055 70262
9364 71129
3558 62361
3462 75357
57087 66783
66758 89766
72464 36579
3069 28834
24913 83330
83969 62293
40137 80122
31011 43769
95355 78962
55195 57480
80649 90983
76247 45020
91959 53338
63733 40382
55513 28282
90465 75393
3761 75259
12431 57241
44757 12273
42681 10149
6614 67222
42309 20724
80010 37001
12214 54743
30711 48318
8968 72346
64619 77419
93482 45616
34673 39381
56977 88109
32641 67305
13118 97375
57660 12264
67324 5649
9459 27400
97635 47943
36634 13513
84119 14524
37644 90567
18270 80206
48239 32387
1819 17126
11454 19020
33252 91482
22735 10629
73393 59916
24156 84154
73695 69258
86076 21371
13299 20562
55359 58520
36027 44303
33871 85253
10734 82125
55691 23516
55994 12820
57587 11607
31648 95632
93747 87989
77524 69431
46934 97056
99275 82040
29468 96854
55202 166
33694 40487
34431 41517
22875 31034
46748 19927
52739 48893
11900 52286
23008 7680
64153 17385
65940 78459
70305 37242
53494 86698
74357 19476
8869 92668
43620 42492
41185 1370
11376 24006
32712 67522
24595 95106
54040 45932
92228 27440
7526 89200
34379 61517
79601 36781
22919 49836
49908 98930
26073 70128
61439 57397
48641 2119
70769 51599
84317 11498
96648 20431
37243 57491
9157 67059
2284 96379
35476 23110
81452 31785
83423 10390
44605 79188
28037 530
19694 24586
11453 47728
58479 9195
93146 29430
4040 77789
73673 472
55333 45955
75172 16185
73626 29630
722 97821
88783 86389
49582 23170
96879 24753
92246 96922
48460 95540
35576 32662
60932 17980
14198 35980
47145 40638
93930 30327
19327 15211
99700 6736
67831 76446
13317 83591
75143 38513
83356 74356
44653 51343
74189 4379
87231 30921
96140 48815
61144 57520
16290 52555
55909 1258
77865 35660
35695 85757
24927 78962
52831 49946
77674 5113
17252 50649
87207 55647
22564 57586
53302 2870
81586 94154
97902 27892
22665 94264
48517 81356
34885 20913
25590 28062
30254 78475
67207 78221
38342 60708
21369 2636
94399 12667
23297 27383
61402 16804
47736 59382
55764 36061
46348 86677
80065 84529
81855 36802
92832 79955
76704 57079
55605 75383
82267 8248
37599 95089
86267 58607
23268 21813
30110 59373
45448 58878
79940 46625
23293 80337
75202 65328
82293 46722
13806 51633
97290 75164
52155 99465
66890 71154
90922 77299
79749 12589
52894 49138
81835 72198
64490 6651
25605 64667
51217 77596
61389 19960
78726 356
86296 62982
39371 19962
98226 51919
94705 25580
82227 93785
82803 66466
94916 95949
14541 16785
81974 90251
56555 32766
47898 41094
98082 10520
25998 31336
74974 42981
82439 1576
10062 54335
9342 40283
60274 23423
32155 76846
96343 16094
81776 43602
82365 10312
98005 7136
418 42087
7773 18917
85381 57267
11839 73352
2844 36430
5433 68826
58023 71745
29831 40029
96217 18164
21278 80254
86687 87828
92944 40775
56628 56312
42655 82835
14631 26124
73040 78965
64021 28379
14937 35091
48835 72276
69876 73606
34553 8296
35460 95184
80472 65464
71007 26998
92605 30892
54448 24094
90166 29030
99130 41533
14175 13822
37980 58707
35500 21720
14604 45935
41132 98881
35386 36168
89121 44938
7686 81304
53803 12926
87464 24961
27382 17371
82269 53623
82156 7174
21051 25829
62555 40049
32147 35561
59281 90985
69672 49364
19226 69528
89461 82136
88769 86383
31064 23446
38620 16179
66266 29966
24569 49484
78543 74251
3637 18461
37867 26244
74510 30512
8122 17080
81277 24160
38230 6459
16045 4023
19110 9014
37621 34077
31993 40178
71652 55074
24304 92801
25361 63779
41139 5499
24509 30543
32653 16802
747 70250
62637 58378
10652 91021
9146 56803
29419 2092
70492 70789
71739 47013
81145 57691
49378 8397
11582 33458
77884 70921
66422 4457
7956 14353
5636 73590
64806 64498
44842 43129
94116 60963
47731 22242
50929 66257
88370 44691
77643 54512
10543 97135
35309 76911
33389 58730
13544 49421
35676 40405
24329 97312
74320 360
18568 73655
34178 54608
29079 815
64375 22152
37976 37591
2032 64500
63734 64482
62536 9361
62787 81915
5465 96124
80622 97388
662 82062
89089 82425
73672 46097
99465 54543
33570 80416
27151 20000
79651 49021
51181 7336
16749 33540
431 56114
80918 73881
33873 57629
9646 44645
97898 6970
31986 94339
9385 13203
48000 97113
49952 22484
58425 5983
36715 82421
84656 73637
61704 96269
8228 60743
29415 35771
21363 3112
75436 87400
79759 40238
58833 27074
22537 89006
2341 9767
58577 58491
6457 3226
75699 91358
27396 99956
79464 80242
60231 48238
4474 6884
13216 27955
64511 50397
26177 78555
55521 6343
8329 23331
48689 68066
93528 84424
33810 22862
50786 23706
71934 89715
31314 29969
6460 15067
83467 76050
40536 35355
9936 16749
65680 37649
25716 68192
96018 88386
22838 99413
75842 41572
4041 33823
57823 4847
15376 83288
54933 90438
19606 62890
602 74577
54307 69707
11233 15736
82473 18654
56848 7230
62225 32600
62711 13898
41607 93471
13776 12972
51552 647
3249 6859
12209 15502
537 51260
11224 69732
48666 16458
42235 37005
73316 46678
87250 61421
78186 16584
32602 75564
79522 2610
1195 94604
32392 56742
55421 45969
91558 99303
53429 26526
69709 49598
21192 32277
59414 84750
89346 20062
19396 11610
34990 48767
36805 66538
13412 85651
17062 85271
13796 13766
6719 39354
16121 46086
54539 73819
35806 72709
26472 60346
56800 59029
35866 39689
85703 16099
76943 98364
32355 45503
57537 50141
99701 15192
59183 20606
66252 27727
41995 40974
30113 33691
16891 40450
62806 60406
53027 20038
46527 93751
88211 15698
18993 69789
59359 28679
62937 4456
82134 62986
53123 28480
12890 16000
88438 88589
23682 8621
36892 70733
82998 15398
24948 10588
9527 84916
70753 50636
96967 38557
65661 53417
77774 59813
8804 52960
40756 63795
6235 62621
99523 2825
26191 38426
77823 43430
67695 30113
91107 61819
47690 5410
25153 23869
12587 22770
60759 60544
95148 12181
63498 37300
32131 81398
35394 60263
82482 25850
74561 1431
10468 74768
76153 22719
22001 33764
88264 61834
45729 68469
9994 97246
7214 21789
10994 67405
23025 50524
81865 26754
83398 48572
44908 42759
98198 59803
8939 91470
12021 15686
48320 96457
40223 73492
85959 32124
4065 9333
29108 14640
7533 55022
70246 65730
34969 47623
61487 13223
13203 94241
92208 85433
91207 99676
532 30822
64532 91085
55562 88678
71993 86717
21696 54622
92201 67283
6324 76771
32496 48707
38693 61615
24901 54418
5254 5396
6175 93821
37380 30736
94038 41115
11122 17316
43494 55377
44414 8010
39009 40888
84814 39064
16785 61829
20436 63462
8334 39367
38205 62244
81924 50571
89480 57736
59475 98669
86430 88887
34320 92578
65340 21806
40265 80611
46717 62954
42521 99699
96183 74945
40774 32404
76663 25105
84324 24461
55028 54631
15817 12974
52976 99541
63159 79966
72999 42811
59171 97721
65091 97464
63274 52216
88886 7367
36441 26113
78602 57924
17484 46898
96250 99410
18507 92199
86515 510
88692 46060
98011 36812
72769 94285
97700 63523
54550 84525
172 74217
85692 6869
18110 48516
91855 6789
41907 42343
49872 89902
62275 81845
91463 40756
64900 58770
54490 77536
72620 50444
86880 63781
60105 97598
82699 26409
55639 6842
96785 68103
52009 94791
85608 75942
17530 20559
15533 99133
38234 44774
44300 19610
57338 97044
42929 29677
52717 45398
13874 49615
51241 73465
81008 87292
71119 31635
22407 88119
22491 4068
22782 60192
99399 759
47627 64541
65158 62212
70245 61089
65064 27599
50512 54301
75982 21320
12225 85046
79490 50579
77755 91743
86680 57220
18695 28618
86920 59628
79316 10606
89638 53958
43437 62363
48076 3878
26585 51762
26699 43427
55324 30806
87995 96816
85397 14946
54858 47357
54101 2928
89836 5232
75713 14497
65947 25878
6603 33649
23348 18933
10276 46188
76591 51780
83967 77550
59009 54235
74038 1834
8579 32329
48806 96850
76565 83729
38602 4202
17373 4606
12 90725
32488 81080
8335 35839
11480 25202
22160 65373
11783 70235
64140 31114
55817 77406
9582 40955
56693 45107
37685 51449
62988 78795
77968 43043
34950 82722
2506 27779
20630 341
8241 91207
79549 68407
34463 45012
46210 81654
8231 50507
70946 88979
39277 54923
63266 54661
6162 56569
39900 53411
56477 7279
33698 96230
65436 30086
9361 99580
14707 98782
21688 10438
8762 54581
49922 11830
19738 25558
33683 86908
61275 92244
19193 35136
32745 19512
76100 57758
31386 81764
36360 6342
48052 82489
31050 72187
65907 31158
41000 51343
35982 85217
31117 35218
10469 58250
6361 41032
88978 46132
83011 69487
97280 71161
62961 77606
81956 57258
98430 12659
61394 29263
22630 53293
7987 58884
51311 65021
22302 60583
66287 44034
58913 29410
67672 70137
98831 70521
83981 56472
74147 16725
74156 80012
99171 12322
77603 94902
94811 46429
98417 55380
90107 60753
69327 87607
70831 7418
24819 98972
26291 2390
89576 53527
39187 68188
60823 12219
96708 67715
49427 47980
54167 21211
13262 84433
28540 60969
76702 81438
66742 64675
93724 10620
66627 52577
45177 56899
11871 47570
8099 88971
70212 44755
59349 78624
79777 63070
67573 55625
34920 46218
12121 26831
17258 34942
49074 20120
39873 24079
46227 92045
9942 97367
19152 10218
19291 4767
69086 98124
39665 55261
25446 34625
14601 71797
94873 40111
68409 71473
58916 20558
89253 92400
69169 98465
99987 44609
73388 66883
83085 27632
14205 74687
60220 78557
95227 24402
49003 88608
74461 56718
58380 70147
53242 88549
37476 46393
68058 15089
11030 69185
58686 26582
34393 879
62731 79489
49252 98184
8083 4480
58798 25893
59172 84175
25915 1308
65406 76018
14292 34928
25185 12230
4346 31677
15333 98423
96858 94740
46600 53057
68354 5778
72416 80999
49683 93847
64462 52234
80674 45996
90368 76233
31987 76956
42914 87503
42538 91133
60028 83492
14741 59221
97970 32579
77964 38044
19732 16255
2598 8791
11069 87421
15735 10210
33886 95669
53367 29019
95725 62239
24642 44702
51526 6776
80460 84445
24170 71311
39257 16363
48090 29994
12301 81063
55957 67684
98366 94107
85392 18863
87430 15044
67223 18576
326 96306
92361 28092
84281 91236
35420 12450
54219 14501
39148 39440
78573 39046
31055 92737
91419 5532
50689 62842
85135 94227
33870 47720
57407 65704
41501 36780
4916 2096
74989 63192
99425 60962
58144 92644
99405 71718
85749 38064
4100 93538
5941 19079
3136 94436
52918 57792
77087 11168
53792 34857
12342 6020
27456 50606
34186 90130
5714 50838
63618 66536
86976 7798
43676 61462
71194 91858
55651 67735
1170 45420
77331 42460
86168 28884
50007 98034
11815 16719
3941 52908
69415 53253
42862 66426
12773 96847
83710 17200
8367 74997
71077 20908
13545 4869
38646 25475
92257 34468
95613 5935
44144 16896
93229 7473
62853 26023
90686 44940
61058 30946
8627 18068
27341 82389
94674 71712
4344 29078
91604 7434
41130 32090
95109 13835
4567 33863
57145 77866
68810 45126
19272 28267
10287 62266
64833 11377
62315 66495
37668 66111
42819 2447
130 80337
43424 82486
20309 62473
54231 80557
31195 64031
18554 58378
69065 34572
68957 75052
17917 53324
83318 60893
47974 87377
88877 79231
6357 57375
24255 38598
6716 40924
36019 63593
46261 11960
2061 89011
1662 28432
13799 87271
69851 46270
72710 17590
5172 99291
79587 67318
61819 16402
20371 74730
77805 89324
20425 68836
13055 48517
75070 41117
39777 86591
98534 20901
95995 28072
39977 45061
46591 96505
58319 26
17853 30845
97048 25284
91790 22911
95578 79312
25726 63895
67426 46167
81912 99409
46979 48130
65124 93579
86129 19413
87381 15923
8005 5320
59466 61529
76997 64160
27347 63461
4710 46109
36035 19736
20986 79269
49755 44126
11218 33574
39452 47830
22420 66953
68032 91958
6409 47476
14143 42356
39707 8517
32017 78457
29638 69046
56330 87119
14938 5055
68867 25193
59378 70940
89049 14439
73073 23893
47225 31851
30755 25014
21158 98323
42242 22268
13388 5325
71126 83044
67347 43454
37549 10718
54540 33357
24521 1960
61041 75861
62017 69397
61541 94880
11226 36175
68067 78647
59863 36214
89765 20054
77391 7621
66725 23239
6579 16993
85456 33845
38599 82555
93190 91203
76366 21201
42259 26404
51660 60069
7062 74964
2586 63766
66647 47054
45512 36508
21205 90763
24100 89589
87037 55542
52611 23560
50630 6517
3014 21566
23890 84494
99720 30796
53791 51461
89648 38351
89068 60542
5246 86188
14506 98507
25392 62223
83273 85331
23954 50201
54093 52955
43846 61494
87295 13302
44487 10085
46404 97617
58820 24249
39274 69400
58045 58888
64807 16474
96175 88370
81549 18804
47608 25940
45392 43474
34441 64480
1598 45644
9059 78748
68211 61356
78658 73010
27771 86053
10571 49764
14702 31987
29109 10528
71069 11261
52907 922
8096 74233
67419 80529
64573 51537
63862 18314
76658 60783
45386 35744
23810 11067
92271 65477
10845 56877
49140 69556
19576 61823
97334 38275
69232 48368
20725 27813
61131 15977
43215 53404
60218 95467
55533 74716
37043 88046
37546 63693
36194 4944
68391 74981
36294 41923
21584 732
10535 28877
43154 14140
4401 40938
14926 94693
67853 41447
15124 51944
59335 73730
72183 90764
90146 19894
55070 30194
74932 91999
17180 23785
68570 61159
48281 18602
66686 4040
76863 41738
61626 47767
28503 1832
82767 84762
56976 19797
83853 79414
40959 85826
672 70840
5502 94492
10646 14068
60240 44917
61384 24539
12549 4564
76364 80500
33730 96568
4477 13182
503 76782
41010 69098
43731 12852
27923 45090
88387 4856
94508 53174
14580 3810
46007 99326
94781 3902
58671 62881
22031 7862
51960 21728
90894 6717
16454 49068
24187 35532
99857 98544
74800 35845
90130 58086
63427 76483
18248 47684
52595 25589
75294 22992
77758 66310
14614 25323
61968 29249
48408 62841
59772 5043
42096 92304
35233 24145
67034 31420
15814 96007
95489 11366
84767 85694
86444 42094
73059 19020
59356 28011
40974 87564
15829 41578
14834 33155
36201 25796
12485 53374
71864 65765
46550 28378
26131 30525
55390 25133
25499 89415
34904 36023
36855 62196
52726 73270
22562 10446
5980 74976
88967 91319
32514 91736
24272 33104
1284 92616
33090 24302
21585 37714
97899 79368
31250 31456
24799 33369
87577 32751
29792 91008
46398 61995
17147 19480
58772 34498
99270 40827
11086 22180
96528 71676
24366 77522
76355 58241
98539 2064
93713 10226
96743 57720
71070 82583
53816 16262
63816 49440
48504 95759
34450 76233
3646 72485
54057 53512
21326 37552
66722 65181
36333 9672
30713 8220
66750 73617
81593 85272
32497 79670
66449 620
72443 11937
42046 76970
18509 56084
15797 86402
22011 64362
36267 67035
18218 44503
29185 91716
35572 72116
14576 51889
96576 8982
19599 73266
19681 53492
81190 91533
75983 53440
61931 82530
75029 89364
65777 21504
42964 17321
28515 8913
99436 136
51846 43227
73927 54121
73160 84507
10694 98449
86214 5412
67268 36085
85466 37832
4914 31532
15778 97166
27801 39915
83213 80752
58462 63031
48934 70532
23010 4733
26237 77540
1962 23241
93696 5704
30612 37318
89936 68383
6278 42272
74691 70886
15749 61010
47162 5990
94962 27074
85111 15887
18966 48734
85597 21350
11833 18998
56534 38105
10822 53093
75532 10467
43438 48157
6770 62589
71912 84668
73218 5192
46967 25609
68811 78877
96635 22836
62493 78848
57589 69470
41381 98449
9084 47820
21775 25812
2901 21283
13431 25034
60388 72427
50514 87477
15093 44802
71725 85260
62697 74181
88483 45916
98138 38704
88830 1849
97931 6732
73000 99791
51882 13876
2873 85997
31492 44760
4434 41394
35670 38769
72922 62261
87208 96647
5622 21642
5871 67122
5978 76485
57606 81628
66772 79549
98945 46090
74771 67077
20452 95670
60945 3371
86761 61473
4089 97238
91747 99201
84229 87237
34101 42349
46833 58559
49695 37674
9119 97088
64234 87117
96615 14861
16999 61262
92936 76003
85550 29662
1604 3574
26265 94789
35449 89582
55308 44658
11865 42562
75688 24096
45367 14760
94445 57453
5593 18405
57809 67615
4571 11347
74931 22377
60336 32923
75561 8971
48930 89397
56192 93214
44019 56529
33847 39774
41290 71090
75867 81435
7215 74980
90973 72928
46620 87473
17113 24940
26484 79838
96023 75959
73564 6073
62730 16135
20636 75003
64121 46974
88077 92154
40445 79547
26366 68421
25038 95541
76623 65402
90473 42269
84457 33777
45961 83119
26159 59332
97873 36450
32298 49354
91710 39011
99527 21193
6178 73262
90585 33565
88619 64381
35248 1421
4004 75188
19895 7784
36897 77070
15462 81926
79437 92132
41168 82236
7682 40774
15255 17397
14633 64361
42998 44353
55522 78550
99400 50482
12075 62810
97046 86501
71159 68467
83918 81816
91826 5880
82226 97734
76562 34649
72126 62568
20253 88329
49272 79480
61655 24968
79898 35769
11678 19454
84214 23164
39774 14494
33229 86691
34128 8890
50558 9552
72457 37117
63169 41541
41154 87837
79363 18854
64442 22379
12695 57388
75682 83078
48028 99814
82329 56373
12228 94908
38576 21441
12266 92504
85011 51969
11936 33060
61887 85798
94973 9759
91682 54978
7292 11510
84386 4673
69218 20608
25513 23401
57494 47107
45248 76272
97866 57333
82686 29630
77371 32984
81781 37640
45969 76229
75462 42993
85058 26028
25736 33139
72580 6592
33338 62349
66086 41516
61491 40265
95630 96772
20533 54533
31199 79514
6340 11678
36853 56050
20301 2150
13505 1807
16978 78943
14234 18727
40132 1140
14304 32497
66726 34710
18161 69038
74148 53668
50655 50915
33018 17186
42518 92587
74056 67707
45336 53414
53407 88621
40052 58482
83397 53159
78073 99552
71527 20750
76996 12470
37223 63757
47086 21843
8396 6079
31098 16812
548 36180
27549 44325
65473 43066
92955 69420
98506 73831
53750 25725
98912 80491
42701 59580
79752 99966
9279 80681
74899 3111
93452 50508
5288 33528
97977 672
24074 18226
42558 17821
74140 73262
43051 90226
39268 31029
27310 59339
12102 2293
6314 98792
34610 71186
69845 65135
98136 57100
12258 61889
4163 70249
54877 75230
98194 1246
7039 15965
74085 4017
86973 37771
67394 40442
98390 14016
25258 8993
73093 2508
11733 39743
76814 65578
5768 81865
41061 50201
54318 42942
22139 4216
16582 56096
83892 26681
63017 12611
17390 16249
77631 11443
8139 85952
24224 48216
50167 66912
36766 8121
73922 19863
74929 46156
96111 444
33486 32758
33923 72212
16499 72293
27082 52633
32694 76448
22306 10308
19524 77130
60177 90608
51625 41487
76141 97
94579 24733
6160 39527
83422 30293
1884 63766
44699 15703
30182 337
69965 43944
81224 77429
67884 23169
64192 5374
39335 92907
73126 96464
75315 37616
83208 41314
10564 27329
38854 31319
17571 73165
66179 61151
13114 64822
92027 34097
12486 89763
80726 56051
20920 40513
73485 93390
32795 47111
44459 63213
13096 41727
19749 4274
38610 86149
36958 35371
22143 45618
11893 85270
81457 97985
60748 68534
265 65363
51646 83447
23760 49657
96633 16267
93047 77862
18282 14642
89757 31996
43533 8585
7842 34573
36816 78256
14357 61910
17091 45131
92797 4248
65593 51825
27238 58993
52139 29238
12647 1105
23355 90208
61343 46157
77152 41360
76620 40352
6609 79686
13724 59867
89237 46994
70692 98542
13740 48991
44482 88602
42140 14143
42680 73852
11314 37533
49727 29449
13 36231
76614 80187
95917 15657
16047 80833
23594 39777
89752 78574
67470 28305
86128 82736
5601 20685
30905 53932
36980 33921
42153 43820
44033 41682
83190 79892
66341 25457
86842 67487
10792 18800
88397 68821
21010 28481
17421 35284
3465 32373
62481 98767
68890 91889
38878 57266
53122 21101
56442 87918
50515 21204
10632 88411
90630 34567
29042 23537
28642 63100
20899 20353
82199 84402
12778 87326
19346 21604
15791 53479
61945 79632
88755 91391
41745 90942
84581 18231
10058 21234
7277 55703
94768 65354
94179 33674
3193 97265
95141 51715
50255 50980
8936 56813
84688 38209
81442 44615
18720 91026
18346 23881
28810 8018
79682 62501
37865 53777
28077 92375
64791 82760
29227 24642
72097 82137
51114 87701
72279 87644
14043 56653
84806 31555
61416 77466
90392 18885
70033 92053
46922 87980
15842 94093
44716 38549
1494 17014
66830 22100
72308 78645
1182 69210
42685 70932
19268 75387
92373 98448
20821 93803
32550 25912
21186 73863
64924 74614
424 51037
44621 20405
13661 69201
95882 34563
95680 13942
47735 99614
24040 55172
52319 57639
80011 76587
9474 78907
94123 96858
22688 28203
79868 40028
31806 53713
47072 480
24293 42507
19463 50501
58994 34108
98109 3111
74802 63483
60424 42066
22016 69243
76101 39718
56313 89722
27139 75234
42904 67821
11684 71065
73389 28876
16952 17021
1559 27537
94487 67125
4939 41843
89536 54909
54784 38799
92365 14073
80400 91899
27603 99378
42388 34092
96568 74860
4191 55815
86964 57539
80600 80017
80414 64538
8142 46336
39204 4474
65370 21758
21996 955
36089 59000
54685 19446
50206 43801
49679 13934
16415 46783
2017 82051
36549 21272
20564 29094
31804 8503
65536 69780
21561 89656
29288 76858
84429 18744
21048 95547
51711 97980
85501 34288
31906 61120
49539 72222
38772 48336
97962 25701
8803 75159
39137 47183
19614 25711
8463 18644
58035 48131
93239 42146
32317 49297
34366 21891
79513 53696
10563 61323
35020 86751
33529 46770
26761 47559
93487 54949
91744 38866
6979 95939
66301 32613
21757 97492
38745 24139
60885 54466
18408 23334
78966 51157
48594 13349
85440 23309
47156 49619
18184 37355
7047 30515
85070 50473
22311 29035
43447 41357
73205 77455
70524 32900
9109 44671
88900 69211
11137 45868
88037 378
52922 39288
54949 28921
31920 281
74558 38893
43667 24521
18688 27761
8589 46521
37958 11859
78161 96426
55437 13291
90187 6330
88833 52174
75621 84398
9009 2886
96739 67629
64321 67307
37960 50455
35298 23072
97945 38477
99639 34716
4264 87971
43405 34822
88386 45988
20573 58279
71900 15226
14251 78695
34115 63059
66372 46427
84929 44266
97015 28525
36885 94165
80830 95341
65499 30417
51320 3011
10304 46644
45404 72177
21537 76641
72244 16033
80909 66249
38744 59088
93329 18481
6854 96533
35658 69126
5078 6515
16590 81987
28425 39638
79429 36471
43527 30562
11343 63675
32190 7761
17078 48968
27406 2571
76325 14225
46142 19680
99630 58201
47619 83323
25374 25200
22742 41335
86429 92461
81727 50618
88109 39366
11058 35720
18273 13974
11446 5398
22528 46676
34210 22144
96687 55009
69726 47477
85296 93605
40104 17017
31255 50797
68979 91026
55169 8352
7999 46848
6733 30490
75659 99972
68126 33328
19215 60550
93740 7152
68161 85880
5077 76275
79136 31551
11894 64765
79070 48968
91918 19102
8057 99293
90365 33666
69278 7856
39807 87602
26486 50309
84559 65990
46726 74972
43606 24421
67895 57392
51470 39338
53570 31451
66103 59474
37929 54811
74006 33729
8732 34924
47341 73432
53082 73411
84689 72047
80885 74562
63968 32830
14101 26005
65182 68069
69623 86112
67289 25586
90077 9689
18072 13266
39090 91938
12037 44538
56867 12481
46954 79238
90667 12968
76859 49429
29248 25159
45656 14869
29894 11254
1293 92128
81073 84157
56492 28054
37498 5083
37987 83254
69887 19254
606 65932
85676 23756
90923 20407
5140 43819
8849 9014
39169 22417
28994 39031
61047 37816
38464 64148
67362 77624
53152 55084
20089 10336
72301 74137
32581 55965
73869 49953
10965 15909
644 7328
57557 18804
69006 41684
74355 38735
40119 54377
53926 50796
33566 78899
24246 15880
9642 76440
73405 27498
7838 98373
59133 72177
99685 73022
70247 84667
47739 72536
17879 86156
34019 82625
27697 85221
67115 12531
58081 38521
13378 48762
73325 93406
70444 17013
83219 73519
97349 83760
25505 57466
16325 78665
91844 13751
40296 47182
26064 64720
22870 39782
81830 48973
17833 73724
35406 32078
81627 52343
65323 43037
86795 73696
79535 45109
75488 85593
28460 815
86066 37824
66058 67771
32313 92273
71821 56629
40518 30055
23791 10311
12460 44895
54887 98335
4646 69857
72334 39403
13502 26409
19884 25972
10209 91106
21332 45591
19388 96018
9427 51481
61729 33733
81084 32463
23983 64779
14943 53083
71352 20620
67705 87100
72415 64546
13949 70094
74601 33117
77518 35630
64318 94013
16452 99278
99733 28776
94946 74054
72698 58977
26400 33842
79659 59297
35801 16796
276 85055
83040 44431
86848 73270
4083 15869
94144 9870
43784 15370
52993 40446
6909 73950
36681 63994
66695 49766
93278 18675
5745 56369
47488 48546
74577 37163
13294 59809
14063 21168
38023 55034
29304 61919
31496 90869
16927 83168
1859 92085
19554 10021
47972 38788
92515 16808
90174 12797
20322 47652
55171 1320
53706 41877
58242 74057
24981 47725
24548 37853
19954 92932
75879 51677
491 90022
98148 74122
97171 42468
15887 47656
71502 36746
26255 88408
97563 20623
78372 73907
33600 36863
4660 76328
87709 81764
70661 66901
12268 55156
83750 37956
55112 82349
84412 29636
34314 27668
71929 71934
79006 63063
87332 92468
7708 49707
66637 58209
36826 39028
39890 67275
70427 61440
59500 23559
49071 10521
41883 30994
55805 44415
12096 97571
71846 56785
89296 12891
74367 71396
80380 9613
73985 9912
60824 70319
92459 39043
96989 77120
7481 50756
31252 75869
27645 8557
24151 36090
21882 81052
65867 11814
40492 19407
93288 44129
89684 59691
25536 23805
38358 30373
52091 19723
83165 75522
74838 89383
57074 93894
51596 88314
18919 29701
47916 38150
88055 16632
79716 70901
11796 43352
44025 18999
73031 47504
2766 77560
83207 89135
13712 49994
92516 91136
7281 98103
32759 55269
70522 49480
70052 69849
24902 33290
84275 60926
62820 77003
47986 53357
33163 106
65104 80336
71645 34381
36455 20032
27109 56200
7074 41501
60930 79068
28530 64669
72160 67316
5504 93174
36460 51640
35892 52381
23056 66411
88432 60862
53574 28558
30368 72260
24682 22344
64456 16562
61218 85221
82292 68495
48062 13210
9850 87643
30977 35717
1363 99541
71000 44170
71964 83690
37744 59018
40158 6223
8177 43580
5971 30512
38563 97318
14341 8688
81613 19946
52526 60095
61406 1881
95639 83644
96174 96401
58489 92799
55123 84298
93942 58439
16172 3795
52432 31772
22111 23716
91232 55952
69808 74337
44481 3452
37306 9485
8558 36183
97726 29692
4621 69802
97752 77883
22639 1335
67663 81588
48293 10286
31048 95683
98292 56617
95505 57087
30065 13476
77917 61549
31519 85227
93390 89867
53335 29390
95851 16498
22108 17510
66760 57365
75000 57537
46172 92410
41049 83937
23549 11195
50195 3110
47995 39655
74424 3216
21140 82956
22027 84920
27964 71325
50743 78401
16430 29190
25466 28471
10358 60845
93536 45659
19201 69518
45842 22730
68943 26331
2467 77883
30198 36619
80475 30971
19505 93062
5403 21967
71484 3259
7400 77429
2215 37610
23755 14772
90913 12102
47246 77841
64802 84985
11205 5026
83816 51270
24610 12890
36521 76810
42507 48475
29452 95014
11864 18322
82261 36020
36562 35999
2616 60783
79675 44636
35679 6652
61382 99657
63870 86601
8489 98195
24457 48063
95198 36125
20801 51655
75649 73451
50766 43576
44586 43567
16192 53868
79560 70735
2951 80000
31185 88114
65891 92755
8240 44373
31404 80958
70890 22716
85305 80992
38362 4744
4782 1548
8059 18324
34627 78533
8577 23467
42927 75599
90752 94720
93616 51428
46693 1461
72610 91557
56209 83390
93760 27288
60182 46052
68282 88022
46987 58593
81975 45015
28479 62803
26949 65328
26665 6645
42284 97116
89080 81214
53348 62009
62614 56856
47214 65156
57408 66359
97815 74509
20340 54200
16382 21748
56712 27887
10360 89240
10088 54529
54703 71300
49246 31069
9473 10626
56419 81614
97440 49110
19397 94299
76551 9890
165 53104
13210 75888
41495 87833
32025 38580
83150 57021
72045 20549
85806 40472
7780 64580
1358 69684
33888 72740
80466 85020
20016 35501
21074 53630
69853 48586
93099 44422
17434 1263
66769 79098
85438 71267
98949 4834
97942 51600
74718 17199
40940 55535
70352 7060
25246 88663
24883 31619
11223 88315
73507 4955
38559 17452
35797 44662
93809 65434
19648 56633
91579 15648
25276 49581
16803 23676
45458 55600
85846 74866
76779 15272
94554 28055
73725 57996
43769 84206
587 22255
53312 11409
84758 12009
70262 12104
48715 69558
71415 77171
95858 78382
78553 91868
7342 91667
29041 1032
12800 31210
14515 86645
69618 16931
52103 71338
54910 44270
79618 17160
8966 6828
85459 82137
24431 83007
88733 1372
34757 91430
97201 73852
87427 25532
39958 6855
74755 64513
34459 29553
51581 8999
76741 81604
74959 44169
80719 69072
87300 57182
95684 53100
17584 16631
69743 18515
83189 96993
38441 41567
48487 76661
51900 95135
13011 51990
34244 35506
10982 40057
9249 18286
61813 27427
73391 29250
36300 64191
67343 39740
35045 7102
88594 49635
75333 43186
16191 19420
70012 57674
29791 50812
67048 84276
47535 97982
80359 69302
58297 50671
94855 52974
21595 88778
40171 87172
17292 23955
48142 88161
41815 18223
6133 87259
13270 97268
41270 53956
78916 40079
34503 45092
14698 53023
55546 21592
3684 47356
81887 96177
65463 5499
12290 9547
37704 73466
65585 1706
4863 94697
21491 83407
13613 89229
89613 68630
2715 66068
56978 5805
88467 58125
67278 84158
41989 59442
55460 88712
50083 65954
42162 61889
67597 38389
9902 7994
25447 2244
62308 68045
22739 38047
79551 16002
43718 3646
32937 56709
5181 22452
17205 11762
54243 23558
72642 63663
10144 78964
25887 7964
43496 72889
52703 92076
17070 89296
27632 20138
17067 4641
86159 53786
37636 249
21723 47660
87335 38223
89502 28919
16912 9841
12333 85204
95747 5280
68411 61682
52749 32390
53911 7409
83860 59305
67397 88990
99902 9832
73468 10589
63655 87374
22926 65657
44408 45798
48634 95151
36777 34158
74780 85324
85710 15445
26602 30995
65369 74986
75116 75227
91390 97316
98980 77451
48676 37595
13911 26260
67647 9332
62482 69277
18772 20691
74938 802
54549 98156
5318 52880
45364 11338
92072 84189
1103 30822
94388 81212
60149 77742
25166 90053
16782 19530
30788 23415
32415 23651
73767 57938
92305 58059
3414 98441
26632 11703
29280 18351
90265 85615
51419 51050
52275 56251
4472 42518
22580 19895
12575 36732
62340 69288
75603 79322
41366 97634
38392 25202
13788 91623
34701 2081
59327 80069
82423 44656
68621 43404
81919 58039
71539 75521
97220 18945
78089 39057
3335 16332
71143 52409
51804 51595
67624 81679
1422 77702
40393 84399
77974 90077
30657 50241
50319 62398
21603 20120
22110 2794
33162 61896
75544 90995
71165 79464
90189 38176
15425 78237
26813 32251
11265 61667
48616 93768
26115 86297
78741 92823
92185 57567
48805 50141
88123 82461
81552 41077
57520 36743
53685 76170
99095 51560
96310 30454
76484 87046
93281 20721
78871 29086
81711 12347
34254 30305
13202 5098
74794 61974
31821 81498
84228 27690
43546 5190
91681 62651
83570 67318
75822 89814
49107 45200
95721 11431
93659 67179
4560 43737
97304 28889
2232 9208
46256 81057
16851 50483
10801 33255
55779 61601
3615 69657
40900 66142
90589 24187
68774 92501
1283 58982
62002 24692
65167 74730
38069 68533
43050 9918
93794 68474
64590 74215
617 83769
77750 19241
9407 69563
20490 12382
2463 75156
88494 40451
95233 95462
70504 63820
13945 94887
5839 83869
81123 57785
77193 7256
28825 19893
31244 70989
38974 15383
43791 80140
11105 45771
63688 63142
65752 42756
19377 67607
45445 22508
16024 96335
66989 14171
98051 14653
60299 3161
65486 93971
12251 95557
45901 41630
71086 24084
49502 22383
74030 93697
90901 17526
2320 63329
44498 42296
93327 35837
48397 95845
74046 23651
77250 28129
98923 19208
8697 85481
86744 37398
70136 46967
88083 55141
1256 16164
37677 99072
53672 25515
6220 96421
25214 34983
11568 33260
77462 4084
9888 16128
13588 5131
25167 64079
23518 75350
47623 85788
49805 3042
26868 3001
23870 98657
32229 74633
13651 50960
97969 40996
39970 87638
56763 17579
24332 91551
18531 43785
79873 21884
16061 69328
41460 35055
62381 89093
85248 47356
77258 93616
31116 33079
94132 10308
44114 74555
59480 82767
28444 95906
83089 51242
73469 86688
81992 95451
46819 10595
97452 86801
60924 53550
91165 46343
40206 83852
54435 18926
60850 55343
50936 52898
39576 51929
48779 76830
73522 29467
68785 76104
995 92282
519 64873
79168 88458
97658 34178
9656 50634
1404 42800
47567 55687
97795 23124
47655 14614
47197 44128
37136 61027
69804 57648
14113 34920
24860 89196
55761 77876
74044 69626
18077 65716
87833 14860
13424 26316
38960 2209
81138 90452
57594 27695
73345 67267
92833 6413
3918 15478
3209 73853
84494 27712
56239 32133
31679 98914
3876 1245
56799 94955
40992 61372
20009 21009
9924 77399
74747 39523
70915 20125
87680 70610
98548 10956
92615 28818
58378 83129
86981 96963
41557 25487
81429 31774
52733 34134
82955 54770
42120 896
27286 28571
11084 36578
69431 71195
47296 13625
37713 7245
75204 21971
3372 55024
89594 60391
58873 17088
28413 56413
83789 58948
92985 90453
20840 10493
7908 95268
62063 37687
38597 92243
71974 64321
79804 63001
98252 66952
99942 55443
43205 85679
94749 9436
79392 49300
59652 30248
1023 54235
10443 72314
82988 92078
32926 39172
63719 42825
26423 36753
7830 61010
17357 18676
64145 35775
46179 16715
12843 12343
35595 97069
56516 73057
35735 57868
50034 66746
32029 83214
83666 25947
91059 46442
8959 4074
74410 55164
85860 30739
80775 94762
91766 20790
10684 89213
62861 67785
54338 35235
25604 73537
61089 40916
78070 28537
16711 4884
23582 44303
68313 2969
64116 85306
6021 25300
72456 16547
51832 92328
8640 47654
63524 43260
46329 43111
26843 80612
29268 57412
75313 45203
60049 70008
6828 62972
89854 6686
34624 4
90288 58527
76827 5480
88240 63142
37537 90155
26208 12653
73109 47258
9136 88051
18154 98658
64199 11555
35306 53632
56095 41020
13793 62036
10448 49224
56779 45133
48663 6370
57373 54261
46614 54443
92920 6540
40319 21556
81755 18081
74599 41184
41659 7135
25242 94882
21784 83535
59756 75870
71723 45649
68909 78623
46459 38471
86717 60001
95941 52429
17966 40212
49505 94497
23716 25448
78773 34938
13762 80801
32664 61588
80761 32912
42623 34117
31702 82375
31575 17799
24006 79939
29010 16636
84752 45715
33572 66736
30743 61786
19891 96652
84854 59449
14501 93703
83264 76893
72690 61682
88956 31403
20384 77783
44089 30788
17816 15171
70768 20780
30370 2315
9394 34351
59638 31810
313 46257
84495 32844
89749 33462
32199 14793
52687 80556
93193 3657
84946 1899
50824 69100
17349 23788
86742 83795
2429 60852
13512 36016
50603 64902
27525 1075
88272 42509
44573 2425
9173 87547
95750 72009
40208 14981
63116 20060
27743 75822
93819 98773
13964 91374
70612 32245
90149 78629
41309 1785
26580 13870
9393 20392
86068 6983
26327 81525
9220 85763
69272 38966
34606 5715
15784 72963
21722 82278
3921 94442
84877 67090
25247 41932
67595 89835
79039 32508
36792 67364
47694 61299
77933 86127
65694 33377
46873 17192
98386 36598
75727 4811
91044 33003
15010 68294
5776 203
41282 40964
27783 63717
12718 43032
37014 79140
29484 30694
22544 77063
52378 38950
13389 25361
54690 98683
62573 92986
12839 18020
34827 64400
58112 84228
1773 20963
96559 95141
39097 7240
8212 79901
90400 2978
92283 36782
21949 59332
4235 73878
30921 85152
94242 83539
8684 62059
88102 18338
53998 62417
31754 12312
4779 37987
55025 63418
47289 77037
91336 88489
5802 76790
25284 90911
2607 99301
31356 11396
40508 90584
53166 69315
1005 43665
88644 2844
59132 84789
71962 49515
22753 93757
64226 96247
59954 78252
56656 26489
69694 52909
28743 63120
45433 4605
92984 59873
68970 30417
33893 88642
35956 38528
57580 41784
2283 41299
55692 95891
48505 83387
22378 82055
54953 7846
28685 94080
26856 63778
18937 54570
47945 51755
85796 50800
12908 76651
33710 31747
38874 68843
41837 2716
29911 86419
71043 72905
90742 56245
78527 7089
5987 18272
59337 56765
8548 83712
62356 91910
3720 5059
6921 94629
1277 2552
21451 55966
95565 50107
10397 49166
91123 99820
55034 80289
78210 30343
81631 70979
49844 65171
56362 701
47035 19015
80422 57103
76595 81646
58667 54820
80989 73099
62779 10366
89092 46484
81857 90369
25187 62570
76920 19119
36584 67290
52115 96405
10327 38640
29126 81337
80906 84260
49521 14025
42399 84861
693 48522
51335 89477
40107 62699
45109 42844
96956 9132
4229 74217
37517 76071
26655 47575
11323 82813
96283 92060
33742 53887
61153 86806
78083 43271
61778 22015
41434 46294
36512 87786
60812 94628
92684 99465
26869 72645
85442 42531
11748 5523
10810 44001
91027 86733
6871 67849
41964 12237
42373 2488
43553 67947
56473 53175
9264 8592
98587 71118
20874 69087
83684 7578
29562 61693
75165 24319
16244 97605
87900 14707
44434 85573
38711 92582
92819 61937
38583 18929
18926 13191
23470 43408
29903 56914
90932 44138
67989 72054
9170 33507
50088 42418
75225 95771
84822 91101
10901 71640
54791 16289
15553 9365
96727 60487
4643 64087
49178 20143
26384 25444
70924 75139
44231 25242
347 39676
24468 37484
79041 28617
28409 71799
47378 97330
6425 25892
43112 34407
70248 92394
93715 92816
45855 35670
58310 72864
52661 55246
49788 75812
95367 68692
70160 1989
27429 44233
51271 44610
40397 66176
75231 36208
87105 80078
84035 34473
13732 61295
170 37546
30498 49496
68130 11284
79646 65825
64279 42175
78845 27750
84705 51258
98563 50134
6127 79327
50284 87984
12497 89955
86038 71097
13125 47795
23934 47266
10936 40284
82414 5968
56927 68060
24199 53364
23079 71458
15315 86493
13885 94704
7871 65783
12327 46095
7974 89286
47982 6235
58774 38553
92775 73162
5069 17221
79480 72915
29776 38176
7205 54985
15271 45968
41025 28266
84726 74938
51946 24057
23153 23353
7178 48248
45826 13113
16808 62569
38199 35804
11266 35358
16521 16406
33565 87798
19512 7580
4855 57857
22180 2571
67701 78114
94780 21683
38408 21950
35541 31083
63038 71276
65951 61542
44899 60321
33915 81312
1051 12307
56777 1490
3052 80028
82168 44682
13167 19074
121 37354
25464 144
85258 53434
70839 76706
69518 5682
10145 49754
98631 35025
37172 88786
47562 29106
64787 38560
65275 63256
59519 23034
28968 79661
46836 90169
99512 40379
86852 85885
99710 24830
95819 89483
8073 15363
81997 88213
33728 4153
54314 91188
98930 61050
33134 717
24703 50757
6350 38289
21939 3236
37634 83676
66394 30788
37167 89920
64851 29718
25568 7968
85478 87999
33047 389
65561 30702
31323 52466
55067 68051
93014 51892
65271 12369
88150 99927
58691 8530
37420 71167
39252 5103
45672 13772
59909 15160
36608 36358
60948 54606
63981 62991
97765 41985
21410 68327
28932 69877
22448 84682
49632 34631
21980 56686
62997 29036
62886 99971
54281 2937
32880 52783
77913 49989
48740 88828
68080 944
47636 19393
30335 12226
4851 46929
46354 28689
86224 27603
47206 83702
11467 79899
91250 72582
85038 38635
53333 22741
6735 38928
13507 64549
42916 43411
25822 34393
88731 62716
64593 12825
99889 15756
97591 97479
32693 92666
72269 90580
31134 18715
45579 22522
84423 36047
2704 73437
86419 36075
59900 33612
39377 90180
61188 63899
86378 56740
7405 24942
34773 20200
6353 57565
99524 73133
5419 78100
85641 24626
45218 77544
65308 90515
66201 8197
40352 13503
87468 21715
40837 74631
12853 31176
45437 86613
98440 8417
8644 63594
10028 3642
34619 90833
383 56630
88715 51818
63777 89246
94442 48268
45250 11071
90200 66709
63878 63908
22060 64966
16696 57786
74331 8528
52364 63573
96162 725
77443 51720
97793 807
41514 59571
18450 25539
10660 13
79391 62040
47756 40281
94170 52502
84200 79408
2470 26159
44037 7884
51850 32399
42053 94254
51732 30092
47720 21626
15999 69737
58449 90514
20022 27256
28334 66480
93709 27333
16073 29604
77404 58121
79262 43675
37541 10797
20736 34686
92946 44872
1144 98750
25007 66923
81241 70109
43671 4090
48595 74349
80111 96241
4350 61053
37064 57435
83161 89157
77770 6007
47250 43398
33113 22827
93328 46459
94577 77750
12616 37187
90341 37832
1442 56952
52123 63200
13291 2382
22765 50218
23557 8248
92785 63248
99295 54988
28492 1477
8015 33978
35852 61675
31564 40171
77922 66614
12557 88214
34172 26757
66524 6085
26011 18165
56210 206
76105 91726
7911 17410
62607 90545
1201 65469
30655 77673
33426 8623
92867 49524
46058 13724
69620 73604
22530 44109
50476 97128
99706 40868
95393 6116
42617 49998
57595 28204
21428 80125
49921 83661
82413 54167
11949 3664
32214 58755
69243 39302
42146 87456
63542 28404
97880 50375
56449 64644
59062 91846
52517 57586
7337 48029
88122 49557
23 48916
8413 68543
93780 27841
11197 90601
72706 24131
36619 71698
19364 56774
76396 25534
85163 62304
84104 25859
30773 82157
31910 12797
74715 91830
84748 3038
39106 7211
11259 79279
33622 85358
51529 22521
31106 45274
51078 65926
52949 80887
36071 77723
60291 47586
8837 23233
43468 64055
96225 34052
6905 45028
39138 72039
48965 85638
28176 8663
40136 81674
21935 46043
74300 136
93406 73839
31747 92828
54223 60225
11237 83103
3007 93630
43830 92014
59436 27059
11628 11710
44706 3109
7715 52960
33012 33323
12533 86713
84721 61617
35222 62963
23183 80857
11540 53167
32902 75658
66129 4907
621 35242
86165 32301
85585 61528
71445 65670
77769 53529
37538 12629
44735 27196
65332 80173
64689 58953
59621 5162
29720 41623
76930 46108
33356 17297
48945 59326
11974 59012
29384 87543
46929 63198
94953 9098
51095 70144
59764 26853
11738 40409
95202 63154
1670 35779
18147 60373
19021 68465
54166 72677
36911 26499
70731 97895
83468 98970
63462 39149
81448 12490
70277 38877
20247 94365
2524 92243
72759 61882
52031 92417
58968 4840
70487 67023
31741 26464
7118 62628
66114 19082
32260 58986
88936 8062
38581 98744
10005 97428
95598 57883
31165 56341
92694 6750
4754 63475
69416 96450
20515 57004
27204 74886
50580 9118
75224 25674
90109 76337
25201 87768
23746 99147
78551 20703
72671 6267
67384 65939
84984 89972
75475 69496
81691 67330
66060 640
29343 47469
44151 36458
76482 49057
2810 6085
66652 34800
24190 21929
38319 38685
79421 49412
57472 7189
94302 45578
32387 5304
84526 5307
23468 418
5116 45228
14844 68955
82821 12447
28817 39706
44662 80343
35704 51599
52552 84504
69960 27175
78242 40134
9377 8817
24555 54035
6317 81593
82322 50378
20606 74829
38571 82766
70077 49468
62290 18361
72981 16238
61320 83366
30135 40706
69029 48723
79779 45853
15233 41048
43019 83710
59852 89542
68421 31550
81684 46661
22518 45913
42257 5917
6734 44341
98870 16140
29574 84094
78014 87792
41209 73648
38303 81923
39026 42025
35524 67534
54921 40222
83155 54624
59883 7307
98419 92958
57112 43472
85000 35296
63717 53281
83029 79437
68882 43512
20530 29223
69588 49783
74413 26727
80610 51687
32504 15660
30615 94836
22786 7314
91559 69727
34415 47331
67934 90640
42706 90194
3971 95516
77163 36083
97569 68683
64922 77117
41869 82242
79909 48848
48925 17055
48858 54554
16080 51386
8626 56598
8011 2770
1782 33069
30275 60171
11241 89023
63558 22186
42124 76169
10728 77960
9995 4607
51093 2705
69351 10046
83232 69907
86516 1068
32689 70877
31871 35633
67913 81291
84766 91255
38590 32156
22751 26111
22634 16628
26776 31556
18410 64253
41678 18623
47113 51165
90129 45993
22596 16749
20696 79189
18462 64172
73221 37202
16025 67620
57777 60494
79081 56721
86177 65646
19055 93467
71567 45465
1688 66172
8361 23121
9759 81061
42226 16955
71108 49306
23741 51222
77957 4750
96176 60442
57202 15632
59242 15556
33826 64701
82023 23344
78149 59607
23182 34799
38840 51299
85732 13496
3464 92981
28888 42538
55351 77078
67643 4760
3652 11262
27184 49830
85552 97928
80677 52582
46784 67259
29697 18695
35587 81300
37889 37539
46706 44539
74851 37917
4282 94166
39102 59882
29990 19766
21082 2063
15587 91699
34033 14500
14842 16460
50317 29158
27667 70541
8226 81444
40209 61476
2170 5948
26126 46597
59393 89879
48798 9712
43428 59046
53116 35791
49197 489
3103 33083
39496 29770
1234 48388
68416 17837
24520 88649
82232 63282
78733 26686
22301 91879
51876 75902
62593 52373
47082 70270
92114 42335
98302 96990
24330 46162
66847 43800
71331 96226
3200 12524
54598 94762
88169 2001
55535 89313
9518 59122
43812 39673
77256 46929
24325 39639
63499 99475
49380 38979
32802 86043
22791 80641
6885 38630
6180 1350
95118 18152
4713 85872
88930 81955
67611 8613
68636 20588
17172 99571
73573 79790
35678 96962
71389 22877
50021 69638
23374 57616
87840 11473
13884 72571
26080 50158
76208 23582
75587 47442
17414 7428
76768 84332
89059 57198
4534 76259
44669 57637
74943 18439
44113 32335
24118 23944
72756 24368
72864 32386
26703 77385
13239 47560
12894 23892
2511 55527
18485 41896
19132 13324
36012 40464
75386 96568
25731 60105
17352 71496
28495 81432
50251 14761
35776 5715
77695 42565
53679 11434
797 60938
77037 79449
773 37041
68197 14202
12193 39730
81742 36714
58557 37441
77895 77797
92665 57337
8642 73141
51502 17914
62572 55857
23704 25220
38173 36033
41771 14972
30932 20643
38338 34856
27094 25908
31753 84481
88501 62123
3521 81909
87599 47850
47926 55832
8323 37000
79476 42284
37770 25271
80134 52902
73480 35275
1471 29769
3366 98252
37970 22853
28039 16048
56742 91169
17343 77423
93866 28209
64342 85722
72757 11669
59113 14365
95526 47128
52025 5873
19090 7884
11565 46444
22851 3166
69967 21064
36243 92251
66306 34217
4961 14777
65214 38081
50124 40700
78585 80356
30151 86349
50839 29251
10133 19364
29233 25022
18283 27493
16779 958
48534 86190
48172 51379
14165 41712
13717 29169
22998 99244
46019 86362
19118 51658
3627 97997
55669 28405
9309 98092
86007 18019
18980 64614
4699 57833
26667 54474
35791 46510
32822 9836
74485 56044
37550 76854
42936 78030
346 3611
22928 1164
11769 29165
29920 30835
27745 68005
29657 99832
95942 32631
90504 67822
7680 85346
76820 72535
97512 53732
36820 1663
68958 74487
24127 51397
89188 87778
77445 17322
78659 28716
36959 30448
91198 7760
15030 9051
77394 70648
62131 94938
31288 28066
77344 97128
74565 14606
62694 1240
50097 1380
13852 1464
31576 24730
36801 45943
97298 19202
27280 44768
29160 60709
87150 30128
37092 59832
21633 51070
43850 5163
25547 24442
34056 6287
1073 19672
62250 4882
82274 33443
87268 56960
48577 88803
25638 28600
4486 33094
13756 43071
78378 27609
27628 83307
74713 60474
2741 46869
32567 87812
70791 84333
90502 48158
36910 42079
29334 41085
79765 78183
46759 25496
34222 88782
77651 87757
543 57880
63613 73276
81078 14664
42994 65212
46017 5330
20184 10865
16672 88048
25426 90795
66848 83165
94561 10662
48252 13280
92730 2606
15247 28517
20753 48323
29916 13755
97359 59829
5543 28659
56002 72299
72121 33059
26844 66160
56421 30017
91037 46814
14009 66659
29368 79083
83972 23829
9490 85499
71868 65031
76568 85110
66687 20548
10023 77157
8669 80578
98584 90435
92389 27510
8082 61188
95038 58463
90856 28573
17834 41373
67770 9249
19939 19110
3443 48501
72147 98871
55630 48687
61111 75600
26166 58919
89675 50971
21588 33138
99327 74213
84993 25735
57375 85461
36886 72797
63163 96478
91779 3290
72745 25387
81412 80892
46315 61698
28330 17227
28780 40202
51612 96212
2539 64478
24780 7893
37783 93286
63518 59803
2014 4476
80348 80718
74204 10227
93457 4268
39776 23057
64302 40046
51279 32196
51939 74004
28983 49227
90847 10930
67188 35373
53463 65062
84404 10211
42160 16613
34911 85121
67715 57724
65335 35932
84207 90281
4024 8933
64588 99815
72847 93195
80835 28396
74973 13908
38207 13762
51927 48615
85393 56520
71019 45947
88541 49268
61192 85298
21405 78959
67763 5529
22373 94924
85205 86232
65115 53576
22686 68266
5651 85615
24563 26072
17908 97368
65996 56052
87027 63394
95669 27577
83131 80508
45444 67684
1594 16143
54681 46927
45533 85964
74229 57361
68787 6975
87171 52835
64793 23372
99221 31863
28241 24530
66329 64935
10522 27302
54174 39638
435 76758
3461 94529
95779 68908
35289 8957
52754 4401
49387 57378
35070 14279
33377 14994
80136 32031
88810 43164
37310 62730
64978 52530
53254 24788
12135 83646
48870 44062
33860 86701
15199 81838
6206 46689
14071 83997
7572 52246
66933 45609
86611 4295
46205 26536
83875 18906
91469 16661
67867 75588
92104 7015
14140 8365
65128 21195
41847 7457
14264 48371
32706 88212
29694 56272
75493 59225
36494 21152
34813 64865
28710 1652
97205 49894
70822 79513
33964 56171
47230 26158
19575 71481
55663 87604
17135 58638
73517 12044
76599 71413
41351 78657
82630 20142
88563 63775
84084 51968
83900 12153
48117 7226
81447 3426
85949 32723
38550 37568
18694 83717
47455 52747
69622 38988
15527 20400
61414 51175
59485 23671
19948 57994
35849 35923
72245 6512
30541 70441
78244 25517
51087 83355
48202 23821
78993 82451
65310 57794
85810 21176
13564 52316
85718 65922
27123 65831
1683 53018
6389 29661
89226 19811
119 74561
64754 46291
27819 72223
7184 22764
49612 33478
30632 40785
61437 8298
30099 38676
89605 4649
62873 64928
75321 52873
83329 57167
37314 55474
38480 37781
27962 60563
54109 87071
34171 9035
55702 90801
85630 71425
56567 58207
46880 91887
25921 32191
73577 66104
4096 5093
1794 14865
91756 69218
24493 82937
14942 30189
61608 29300
33160 93602
18590 28591
88368 71501
47670 27149
71320 83695
10411 97735
68471 86018
2449 78101
88807 88391
76000 77835
17005 93988
52421 95698
4423 93204
58900 83503
17921 73324
22522 74481
6558 90569
95229 6752
71044 1532
19776 18412
12477 10319
41725 37597
55892 6150
15717 80157
49603 57379
9993 81274
66909 52560
37781 7287
84323 98100
49014 72473
42211 42881
59308 47907
68838 3064
62127 33973
30403 57897
9071 39991
62746 69020
87241 39075
40129 21826
65946 57821
45717 25964
81203 32237
61618 47421
80087 38571
164 77057
8865 35872
53488 85671
63100 69941
58337 87163
2104 79264
3853 10278
22956 22204
31040 56987
83594 19776
44676 63390
14639 81499
10146 82143
64954 13221
53422 86590
98375 92806
11005 45734
87864 69534
22109 92563
28043 42955
12986 75544
29401 46422
82789 42066
92013 47839
9980 45397
27104 4447
67361 51437
52764 22580
68898 73394
69356 65694
75771 68380
51747 84263
61267 56892
37938 33325
65724 16414
5295 73054
55246 5481
97246 54636
29354 71731
89371 71523
33877 79495
69288 23104
23967 30957
73846 87324
68015 38817
50636 64031
85527 89145
22096 78526
76923 23231
79741 69847
25642 93393
58730 31267
90507 13185
64202 56908
11792 65396
16822 92788
59899 23029
28137 15469
74515 51732
43123 87922
495 9979
92295 7027
14744 4494
57030 23294
37056 4046
20407 42166
73609 64023
55480 80512
71544 31018
28165 42955
42567 45882
93844 82087
71571 68784
56794 64107
61478 60912
12987 5943
44405 60231
29564 36128
92840 49298
95256 24691
37302 90413
47069 82849
41248 83247
43602 61540
68452 85546
16602 13783
73176 20562
44941 39062
62911 39092
7945 47459
77224 54024
53690 65678
11158 53172
55166 73653
65838 34008
25497 25302
38968 92829
14060 86430
14317 4427
17761 53407
84252 11175
41896 1458
61693 21500
75234 84611
70678 95740
43453 60913
8030 98371
17982 63569
15404 47028
55297 80830
34548 9894
17669 35891
1412 6545
70490 91751
89344 83857
93721 96935
60805 96932
82496 96574
31442 27740
16420 65858
49567 21787
33440 35219
79243 5178
59988 63278
87948 24549
60560 27658
75941 74554
96342 25127
27978 84023
79065 20745
76520 43215
51569 48950
75179 40876
5743 39595
2063 48619
2026 85552
30507 29967
20761 51752
41449 18978
24939 14525
26521 28762
41710 41474
80550 24450
38398 46746
45946 28865
12566 12454
39360 71755
53001 6185
40951 67749
74334 51549
51866 44765
71226 83465
14941 32584
97796 19942
64916 67708
67696 41611
35301 8354
46073 99763
41543 58875
5684 67829
54770 7227
41879 94689
76496 14539
30434 38743
98918 77540
81103 51185
25218 38483
5954 58746
86834 72490
42296 34636
51023 38310
68429 88946
69457 60410
781 75953
98809 6782
17323 70750
86946 26051
70778 30925
17121 77519
67929 51268
57371 58072
30693 72694
19278 46610
59843 60915
30411 37726
38386 20229
43137 60154
72911 41943
80456 84469
97344 25680
48043 61466
41315 1347
60313 78483
74235 35829
64280 4403
3336 97746
7671 13261
75922 32731
45554 27253
70440 63729
39746 85270
23645 83072
44342 51367
33429 75763
88233 72866
69881 95209
15923 54815
67084 55632
93025 36851
70321 38100
56931 36109
43898 63956
79755 7494
41510 73175
5656 39753
54545 18222
15337 9662
3714 20520
23850 54226
48511 98145
13660 26487
84157 33650
60227 19454
19516 3765
72934 41792
1616 50088
76570 48518
74797 71365
54673 25528
8041 97761
63033 44078
4109 21049
97232 18372
41669 57915
89026 59513
94042 18183
66084 15686
63105 81020
98355 69422
45009 16143
35210 10610
77118 33641
35969 23326
92135 71093
36763 35654
76670 15767
20622 77397
73098 13870
4236 43982
17018 59318
53033 15293
4060 5824
21673 21283
68320 57850
86190 39075
66161 66014
40440 34941
95007 25588
72595 6330
58978 23657
48637 54629
96026 68629
81208 79165
38322 31451
26033 28114
11239 73158
2554 20283
63271 28603
70931 86859
53240 89611
63248 91599
16580 77356
55728 40726
40678 32480
19172 87068
20369 76731
81484 71226
53784 84176
62343 13567
60492 14848
4586 29952
17179 16633
85600 88428
97376 52505
81012 94493
31810 96580
14434 1112
7829 30685
48588 62777
15392 97669
53083 42710
64325 59452
59951 44281
45468 2031
50641 51992
39558 4196
16994 32887
60872 81464
26124 60605
6853 410
54998 20458
10518 24501
95719 33035
34642 22177
48927 73734
79619 57086
88603 2870
88676 96634
77290 14390
64541 20384
30810 49384
24201 96559
38652 6878
8973 243
72138 84777
52479 76405
82687 98985
94896 79107
18763 47554
30952 4423
71500 73385
80192 12198
85981 28144
50736 14025
3832 37653
79477 95929
5866 27442
62929 88519
64570 59296
90773 64513
76139 52645
48133 13466
68985 25418
79483 61363
15623 41111
87696 35375
52217 84719
49377 76862
36214 12584
59661 10395
51172 11326
64640 80029
49568 56874
26625 2800
95986 68681
29617 59399
37720 90441
26587 81947
35366 67095
11827 30366
80214 31864
54305 59727
30553 51383
89263 12262
89725 49344
86349 51106
50388 66420
58693 88459
77832 28489
84274 78658
41224 90550
67261 90028
91332 63628
21707 62338
79926 68712
43392 68699
54114 56130
15028 86359
89535 77102
26215 32370
96502 98247
67612 9608
96525 27975
2052 76243
95682 70940
98556 20830
21454 64211
61138 24390
23691 24376
1164 75726
76718 90055
36948 49658
75598 94003
95700 39622
88869 82814
27590 89659
60837 18693
55385 11055
86765 92143
39845 65802
17757 27771
45744 98991
51144 63851
95307 98581
26817 24714
9448 88017
17025 33559
81369 32714
97082 30067
97007 15291
39729 66054
53060 40796
29595 70296
23855 98950
2663 12051
75868 67195
10914 31788
68182 22046
29837 26783
10579 73383
94203 27519
20494 27441
72868 42127
92697 55930
33948 96652
82407 38699
274 92185
45847 2148
77324 68838
69475 4323
64528 55305
31673 28993
51383 25301
67275 11039
20654 1763
20531 37702
99746 77829
28679 99743
11736 65859
35029 15034
23525 553
16383 81861
64224 69982
86801 28120
19157 82260
4729 6279
80416 33641
26921 18165
55858 44229
8397 33994
10495 86422
6097 64763
81091 3051
96336 37438
35305 57942
48371 93001
44815 92800
69080 48012
16456 45282
19075 29671
86228 28600
81405 85469
76641 63993
73441 95298
78400 58953
52903 44442
82845 43309
59823 82723
15174 48855
48568 82813
31 68226
13215 56027
41299 3476
82702 96201
58383 25784
80313 88558
74359 5958
52957 57517
45363 28082
23022 44435
47961 25840
35730 98738
9305 51231
10041 65746
22821 9264
24519 12491
8273 30192
92838 84705
23239 56433
99793 57624
4958 39042
64476 32195
8411 65365
42593 99900
97347 27686
11641 31223
91979 40873
58741 43538
25676 50962
62406 76291
68482 20397
6480 79490
26350 41089
44594 8586
32658 33401
83098 59662
87525 35839
81609 75233
88302 35790
89812 13821
12943 50145
67824 82055
35384 98339
12028 10365
71817 45071
48547 89575
20143 36157
99048 45205
2272 31219
16347 18939
19767 18113
866 37298
1042 22878
23387 36376
17887 31254
77257 95237
3062 75317
28079 63770
99271 60149
51637 20822
74958 82547
56559 68831
39932 50252
87576 13914
3482 57216
10325 88244
13094 41243
56837 47406
22025 61796
70842 93570
75292 82020
26054 41487
89015 10256
69207 24515
94314 61549
85277 49453
36128 59669
22077 18474
82000 69490
7280 3713
11245 65742
44235 76995
41408 34079
24294 55108
77977 6946
73308 17765
80082 59255
60728 29787
2909 30231
94443 4460
78233 62143
81333 38710
32240 77979
89735 327
1645 81670
33027 999
58038 60004
12824 32317
17775 73126
62743 59460
13714 58125
33247 16252
12300 58290
869 92805
80858 35004
11594 60658
1091 76016
62046 34394
16115 79371
27379 66001
84027 86015
92656 13296
50882 81994
61567 10751
90471 94466
96263 19521
79433 65076
84942 58797
48294 55967
53935 56309
34801 161
83833 1084
1973 24829
56334 89716
60888 10827
7116 61135
12469 58833
14736 84207
65720 19631
51741 22066
82479 95944
18559 86202
99574 49587
7204 82806
69970 95498
12122 97314
65941 26932
41436 51285
63537 49820
90353 91832
71273 7841
75586 62186
60257 21821
31263 20173
45815 49337
28839 55832
58585 95341
86279 21593
57571 10367
73904 8730
78218 48145
73435 60977
49825 9881
93459 47448
97546 54934
69598 53690
43091 44412
69043 3014
68567 78103
14898 31835
57566 9905
98747 40683
84713 94705
27048 9658
62044 59962
1525 88877
88179 9821
68263 94201
26378 32
92132 85430
97075 94686
14255 21770
33166 2335
45467 38059
44823 81642
22659 90192
63945 97082
