100
71294
157182
885942
167496
312628
956390
705284
957709
261574
372872
585840
19494
531988
729214
309102
439549
438808
437277
951871
929549
378003
808136
770149
500293
367483
482972
155540
60604
933387
206857
692369
879780
726851
109408
670485
288766
586095
962788
533889
972617
960642
401854
855036
970067
636373
873148
993100
544937
354875
371643
935190
569594
731651
586280
787239
938898
52205
247040
916526
487742
692278
2420
672151
912211
514423
253585
663127
461842
111482
707449
714501
704229
72931
389368
13562
349582
491160
384241
548440
102616
69537
882878
616876
817315
391368
259715
492155
754102
587033
748251
977912
140134
223477
781263
342187
24300
247665
590141
388659
594136
