100
700076103
221338679
326232701
801410509
772390469
488016720
747192597
350548283
829648613
475685816
214559998
544925109
218259375
29555854
407209679
149409168
326012862
601893155
86423887
876035680
284513967
551257551
139768389
436698078
908996935
537449785
811717624
453413873
81353705
140383289
765564228
610168200
90516891
614346501
711977503
322743263
117390097
335071277
810736427
115569010
320679887
359456852
846894217
736635743
797431616
906078633
72322853
504213398
410286520
985500477
548153915
111213024
418630210
29343498
762006209
909665674
862886876
706273415
586306583
659517511
238665803
552875598
653058717
366106278
311677569
135524008
617681796
652283818
926423607
196325558
706391243
528589916
362634374
869300406
371162027
76654698
602978705
720300471
895595905
753987844
57664099
530257043
278619974
9115128
527004279
398830741
881925201
404425145
764940623
214578550
869456865
15447190
724727180
939625352
129419512
215367117
615128012
505841665
63845338
376572096
