100
454697085818
358524024953
219737447731
259556903915
379968467820
107796977254
614763216892
569960878922
54870358190
834158194708
194986954098
878770502815
540918153484
390460529471
541459280040
881532419310
345023030419
281529540555
231474495780
842304608504
16104177392
254630647778
982097597640
893545825400
855393226572
159079249863
159590813826
84202475650
513922711995
621941369945
38165639193
258647666687
437492025796
62218433633
794619710515
555541727312
543328097591
118994598510
606001630481
751202945664
958655567496
55809190295
787291189949
780774825844
93586352688
848875747850
324976531425
300450798070
499457733920
311347664231
536006440515
173904797901
813815791943
314475167436
190366554613
929434868135
901140362683
657633839186
539966118007
367437344155
406927359691
595200638474
763186126096
490224639150
531471877112
820153140442
720240325430
935153729014
315258213777
651649641738
270301023439
387975666320
649635751495
687527764024
845960581884
963829832830
951026648124
620888476947
376934872109
910975049069
541680897423
422353487261
885653282985
71127193304
921567520523
76096717833
501168970454
604636710206
174007786493
471368368640
751216417751
96073104592
504003069310
586303951508
89185112989
68714950802
942598107211
215112303442
703791422147
924134186832
