100
310799400438
841595610572
992012669534
141228684866
103195749700
640853070703
804680803360
246124379128
148021804699
47770549874
638332578360
387582457384
538504370727
921796892567
517812257793
760307536269
402216703623
192667586625
168053379108
617362366208
771842900740
30541816537
532620753612
880593171051
656251973451
370161287051
315537027019
4491562048
502804155465
220349438605
914239906896
937136251262
410816483276
300881971796
815816548330
66769292402
408608664428
305998836778
95560395681
718798192865
198833667695
36781618510
588556953997
580791730707
806981990381
973581399158
631452076571
698796412887
80236714704
11679180043
841584662589
652410054490
925134012461
11419068895
351266513987
704104014627
790917472025
876285901170
937306361603
618731682167
107840616279
107770113483
754592816970
445970496374
557277806680
480187316043
6132015387
314291495241
722855828775
288957764404
580934215674
777157035578
869011979990
944234923616
340183304008
890614018038
205144705570
762423347984
84886640847
594328585171
76914481442
956234612544
707907988663
980930865933
404199937408
615700332058
329208697020
655419603290
967475286332
412232330534
671931924324
173099564835
740990850601
78404166897
679505637756
783689065836
271679241180
884671353731
554937669336
121182454379
